 name:     ZnSe  (cubic zinc sulfide structure)         Feff 6L.02  potph 4.12
 formula:  ZnSe
 sites:    Zn1,Se1
 refer1:   wyckoff 1,III,110
 refer2:
 schoen:
 notes1:   cubic  zinc sulfide structure
 Abs   Z=30 Rmt= 1.201 Rnm= 1.541 K shell
 Pot 1 Z=30 Rmt= 1.202 Rnm= 1.543
 Pot 2 Z=34 Rmt= 1.252 Rnm= 1.608
 Gam_ch=1.936E+00 H-L exch
 Mu=-3.951E+00 kf=1.723E+00 Vint=-1.526E+01 Rs_int= 2.105
 Path    1      icalc       2                           Feff 6L.02  genfmt 1.44 
 -------------------------------------------------------------------------------
   2   4.000   2.4541    2.9731   -3.95069 nleg, deg, reff, rnrmav(bohr), edge
        x         y         z   pot at#
     0.0000    0.0000    0.0000  0  30 Zn       absorbing atom
     1.4169   -1.4169   -1.4169  2  34 Se    
    k   real[2*phc]   mag[feff]  phase[feff] red factor   lambda      real[p]@#
  0.000  4.1626E+00  0.0000E+00 -4.4399E+00  0.9563E+00  1.3574E+01  1.7248E+00
  0.200  4.1690E+00  1.6357E-01 -5.3702E+00  0.9578E+00  1.3660E+01  1.7359E+00
  0.400  4.1870E+00  3.1102E-01 -6.1997E+00  0.9624E+00  1.3888E+01  1.7689E+00
  0.600  4.2123E+00  4.2926E-01 -6.9335E+00  0.9699E+00  1.4178E+01  1.8225E+00
  0.800  4.2389E+00  5.0969E-01 -7.5784E+00  0.9802E+00  1.4414E+01  1.8955E+00
  1.000  4.2592E+00  5.4796E-01 -8.1410E+00  0.9930E+00  1.4475E+01  1.9862E+00
  1.200  4.2653E+00  5.4307E-01 -8.6279E+00  0.1008E+01  1.4287E+01  2.0933E+00
  1.400  4.2501E+00  4.9732E-01 -9.0468E+00  0.1025E+01  1.3858E+01  2.2160E+00
  1.600  4.2076E+00  4.1784E-01 -9.4118E+00  0.1043E+01  1.3282E+01  2.3539E+00
  1.800  4.1336E+00  3.1890E-01 -9.7535E+00  0.1060E+01  1.2715E+01  2.5070E+00
  2.000  4.0250E+00  2.2393E-01 -1.0138E+01  0.1071E+01  1.2329E+01  2.6756E+00
  2.200  3.7718E+00  1.9104E-01 -1.0480E+01  0.1153E+01  9.2209E+00  2.9022E+00
  2.400  3.7943E+00  1.5220E-01 -1.1080E+01  0.1295E+01  6.4770E+00  3.0276E+00
  2.600  3.7845E+00  1.5131E-01 -1.1754E+01  0.1351E+01  5.6400E+00  3.1617E+00
  2.800  3.7479E+00  1.7876E-01 -1.2088E+01  0.1363E+01  5.3084E+00  3.3037E+00
  3.000  3.6805E+00  1.9838E-01 -1.2166E+01  0.1351E+01  5.1946E+00  3.4529E+00
  3.200  3.6098E+00  2.0806E-01 -1.2084E+01  0.1329E+01  5.1994E+00  3.6085E+00
  3.400  3.5142E+00  2.1660E-01 -1.1917E+01  0.1300E+01  5.2786E+00  3.7697E+00
  3.600  3.4159E+00  2.3003E-01 -1.1728E+01  0.1271E+01  5.4093E+00  3.9358E+00
  3.800  3.3113E+00  2.4626E-01 -1.1562E+01  0.1239E+01  5.5783E+00  4.1061E+00
  4.000  3.1971E+00  2.6943E-01 -1.1421E+01  0.1211E+01  5.7771E+00  4.2800E+00
  4.200  3.0940E+00  2.9830E-01 -1.1313E+01  0.1184E+01  6.0003E+00  4.4570E+00
  4.400  2.9897E+00  3.3106E-01 -1.1248E+01  0.1158E+01  6.2439E+00  4.6367E+00
  4.600  2.8901E+00  3.7400E-01 -1.1215E+01  0.1136E+01  6.5052E+00  4.8187E+00
  4.800  2.7831E+00  4.1574E-01 -1.1218E+01  0.1115E+01  6.7821E+00  5.0027E+00
  5.000  2.6838E+00  4.6138E-01 -1.1248E+01  0.1096E+01  7.0729E+00  5.1885E+00
  5.200  2.5870E+00  5.1503E-01 -1.1292E+01  0.1079E+01  7.3764E+00  5.3757E+00
  5.400  2.4853E+00  5.6204E-01 -1.1349E+01  0.1064E+01  7.6916E+00  5.5642E+00
  5.600  2.3887E+00  6.0839E-01 -1.1408E+01  0.1052E+01  8.0176E+00  5.7539E+00
  5.800  2.2882E+00  6.4945E-01 -1.1471E+01  0.1040E+01  8.3538E+00  5.9445E+00
  6.000  2.1904E+00  6.8537E-01 -1.1529E+01  0.1031E+01  8.6996E+00  6.1361E+00
  6.500  1.9416E+00  7.3893E-01 -1.1667E+01  0.1010E+01  9.6031E+00  6.6181E+00
  7.000  1.6962E+00  7.5357E-01 -1.1789E+01  0.9944E+00  1.0558E+01  7.1036E+00
  7.500  1.4609E+00  7.4764E-01 -1.1909E+01  0.9800E+00  1.1559E+01  7.5919E+00
  8.000  1.2422E+00  7.3933E-01 -1.2025E+01  0.9676E+00  1.2603E+01  8.0822E+00
  8.500  1.0406E+00  7.2553E-01 -1.2141E+01  0.9574E+00  1.3688E+01  8.5741E+00
  9.000  8.5089E-01  6.9761E-01 -1.2253E+01  0.9500E+00  1.4812E+01  9.0672E+00
  9.500  6.6899E-01  6.5622E-01 -1.2364E+01  0.9447E+00  1.5973E+01  9.5614E+00
 10.000  4.8949E-01  6.1234E-01 -1.2469E+01  0.9397E+00  1.7169E+01  1.0056E+01
 11.000  1.4336E-01  5.3791E-01 -1.2673E+01  0.9267E+00  1.9660E+01  1.1048E+01
 12.000 -1.6712E-01  4.6041E-01 -1.2881E+01  0.9160E+00  2.2277E+01  1.2042E+01
 13.000 -4.5939E-01  3.8759E-01 -1.3094E+01  0.9113E+00  2.5013E+01  1.3037E+01
 14.000 -7.3356E-01  3.3388E-01 -1.3294E+01  0.9087E+00  2.7859E+01  1.4033E+01
 15.000 -9.7916E-01  2.8109E-01 -1.3507E+01  0.9067E+00  3.0811E+01  1.5030E+01
 16.000 -1.2113E+00  2.4183E-01 -1.3706E+01  0.9072E+00  3.3864E+01  1.6027E+01
 17.000 -1.4304E+00  2.0951E-01 -1.3901E+01  0.9077E+00  3.7012E+01  1.7024E+01
 18.000 -1.6281E+00  1.7938E-01 -1.4113E+01  0.9080E+00  4.0252E+01  1.8022E+01
 19.000 -1.8176E+00  1.5664E-01 -1.4281E+01  0.9095E+00  4.3579E+01  1.9021E+01
 20.000 -1.9964E+00  1.3230E-01 -1.4464E+01  0.9104E+00  4.6990E+01  2.0019E+01
