 ZnSe (cubic zinc sulfide structure)                    Feff 6L.02  potph 4.12
 Abs   Z=30 Rmt= 1.206 Rnm= 1.542 K shell
 Pot 1 Z=30 Rmt= 1.202 Rnm= 1.543
 Pot 2 Z=34 Rmt= 1.252 Rnm= 1.608
 Pot 3 Z=36 Rmt= 1.231 Rnm= 1.554
 Gam_ch=1.936E+00 H-L exch
 Mu=-3.913E+00 kf=1.724E+00 Vint=-1.524E+01 Rs_int= 2.104
 Path    2      icalc       2                           Feff 6L.02  genfmt 1.44 
 -------------------------------------------------------------------------------
   2   1.000   2.4541    2.9706   -3.91280 nleg, deg, reff, rnrmav(bohr), edge
        x         y         z   pot at#
     0.0000    0.0000    0.0000  0  30 Zn       absorbing atom
    -1.4169   -1.4169    1.4169  3  36 Kr    
    k   real[2*phc]   mag[feff]  phase[feff] red factor   lambda      real[p]@#
  0.000  4.1487E+00  0.0000E+00 -3.7925E+00  0.9566E+00  1.3580E+01  1.7256E+00
  0.200  4.1551E+00  1.4439E-01 -4.7289E+00  0.9582E+00  1.3665E+01  1.7367E+00
  0.400  4.1730E+00  2.7600E-01 -5.5750E+00  0.9627E+00  1.3893E+01  1.7696E+00
  0.600  4.1982E+00  3.8462E-01 -6.3321E+00  0.9701E+00  1.4184E+01  1.8233E+00
  0.800  4.2248E+00  4.6342E-01 -7.0010E+00  0.9802E+00  1.4419E+01  1.8962E+00
  1.000  4.2452E+00  5.0794E-01 -7.5820E+00  0.9929E+00  1.4481E+01  1.9868E+00
  1.200  4.2517E+00  5.1479E-01 -8.0750E+00  0.1008E+01  1.4293E+01  2.0939E+00
  1.400  4.2371E+00  4.8170E-01 -8.4807E+00  0.1025E+01  1.3864E+01  2.2166E+00
  1.600  4.1954E+00  4.1000E-01 -8.8042E+00  0.1043E+01  1.3288E+01  2.3544E+00
  1.800  4.1222E+00  3.0802E-01 -9.0608E+00  0.1059E+01  1.2720E+01  2.5074E+00
  2.000  4.0147E+00  1.9246E-01 -9.2968E+00  0.1071E+01  1.2333E+01  2.6760E+00
  2.200  3.7616E+00  1.1565E-01 -9.6309E+00  0.1152E+01  9.2442E+00  2.9028E+00
  2.400  3.7853E+00  3.5384E-02 -1.0773E+01  0.1294E+01  6.4835E+00  3.0282E+00
  2.600  3.7765E+00  1.0480E-01 -1.2359E+01  0.1350E+01  5.6430E+00  3.1622E+00
  2.800  3.7407E+00  1.8473E-01 -1.2602E+01  0.1361E+01  5.3100E+00  3.3042E+00
  3.000  3.6738E+00  2.3349E-01 -1.2631E+01  0.1349E+01  5.1954E+00  3.4534E+00
  3.200  3.6034E+00  2.4554E-01 -1.2590E+01  0.1328E+01  5.1997E+00  3.6089E+00
  3.400  3.5097E+00  2.3685E-01 -1.2494E+01  0.1299E+01  5.2786E+00  3.7701E+00
  3.600  3.4107E+00  2.1492E-01 -1.2367E+01  0.1270E+01  5.4090E+00  3.9362E+00
  3.800  3.3082E+00  1.8816E-01 -1.2150E+01  0.1238E+01  5.5777E+00  4.1064E+00
  4.000  3.1941E+00  1.6793E-01 -1.1853E+01  0.1210E+01  5.7763E+00  4.2803E+00
  4.200  3.0904E+00  1.6424E-01 -1.1529E+01  0.1183E+01  5.9993E+00  4.4573E+00
  4.400  2.9873E+00  1.8253E-01 -1.1231E+01  0.1158E+01  6.2427E+00  4.6370E+00
  4.600  2.8868E+00  2.1972E-01 -1.1024E+01  0.1135E+01  6.5038E+00  4.8190E+00
  4.800  2.7800E+00  2.6353E-01 -1.0934E+01  0.1114E+01  6.7805E+00  5.0030E+00
  5.000  2.6811E+00  3.1928E-01 -1.0898E+01  0.1095E+01  7.0711E+00  5.1887E+00
  5.200  2.5839E+00  3.7148E-01 -1.0914E+01  0.1078E+01  7.3745E+00  5.3759E+00
  5.400  2.4821E+00  4.2405E-01 -1.0955E+01  0.1064E+01  7.6895E+00  5.5645E+00
  5.600  2.3851E+00  4.7799E-01 -1.1005E+01  0.1051E+01  8.0153E+00  5.7541E+00
  5.800  2.2845E+00  5.2411E-01 -1.1066E+01  0.1040E+01  8.3514E+00  5.9448E+00
  6.000  2.1869E+00  5.6766E-01 -1.1125E+01  0.1030E+01  8.6970E+00  6.1363E+00
  6.500  1.9376E+00  6.4120E-01 -1.1274E+01  0.1009E+01  9.6000E+00  6.6182E+00
  7.000  1.6929E+00  6.7665E-01 -1.1404E+01  0.9931E+00  1.0554E+01  7.1038E+00
  7.500  1.4584E+00  6.8590E-01 -1.1526E+01  0.9786E+00  1.1555E+01  7.5920E+00
  8.000  1.2403E+00  6.8685E-01 -1.1642E+01  0.9661E+00  1.2599E+01  8.0823E+00
  8.500  1.0389E+00  6.8308E-01 -1.1757E+01  0.9559E+00  1.3684E+01  8.5742E+00
  9.000  8.4898E-01  6.6862E-01 -1.1871E+01  0.9483E+00  1.4807E+01  9.0673E+00
  9.500  6.6667E-01  6.3986E-01 -1.1986E+01  0.9428E+00  1.5967E+01  9.5615E+00
 10.000  4.8710E-01  6.0237E-01 -1.2097E+01  0.9376E+00  1.7162E+01  1.0056E+01
 11.000  1.4191E-01  5.3435E-01 -1.2305E+01  0.9243E+00  1.9653E+01  1.1048E+01
 12.000 -1.6835E-01  4.6867E-01 -1.2507E+01  0.9133E+00  2.2269E+01  1.2042E+01
 13.000 -4.6092E-01  3.9857E-01 -1.2720E+01  0.9082E+00  2.5003E+01  1.3037E+01
 14.000 -7.3448E-01  3.4430E-01 -1.2915E+01  0.9052E+00  2.7849E+01  1.4033E+01
 15.000 -9.7982E-01  2.9384E-01 -1.3118E+01  0.9029E+00  3.0800E+01  1.5030E+01
 16.000 -1.2123E+00  2.5148E-01 -1.3328E+01  0.9030E+00  3.3851E+01  1.6027E+01
 17.000 -1.4308E+00  2.1875E-01 -1.3505E+01  0.9032E+00  3.6998E+01  1.7025E+01
 18.000 -1.6284E+00  1.8794E-01 -1.3716E+01  0.9032E+00  4.0236E+01  1.8023E+01
 19.000 -1.8182E+00  1.6495E-01 -1.3895E+01  0.9044E+00  4.3562E+01  1.9021E+01
 20.000 -1.9962E+00  1.4291E-01 -1.4061E+01  0.9049E+00  4.6972E+01  2.0019E+01
