 name:     ZnSe  (cubic zinc sulfide structure)         Feff 6L.02    potph 4.12
 formula:  ZnSe
 sites:    Zn1,Se1
 refer1:   wyckoff 1,III,110
 refer2:
 schoen:
 notes1:   cubic  zinc sulfide structure
 Abs   Z=30 Rmt= 1.203 Rnm= 1.541 K shell
 Pot 1 Z=30 Rmt= 1.202 Rnm= 1.543
 Pot 2 Z=34 Rmt= 1.252 Rnm= 1.608
 Pot 3 Z=35 Rmt= 1.242 Rnm= 1.582
 Gam_ch=1.936E+00 H-L exch
 Mu=-3.929E+00 kf=1.724E+00 Vint=-1.525E+01 Rs_int= 2.104
 Path    2      icalc       2                           Feff 6L.02   genfmt 1.44
 -------------------------------------------------------------------------------
   2   1.000   2.4541    2.9719   -3.92855 nleg, deg, reff, rnrmav(bohr), edge
        x         y         z   pot at#
     0.0000    0.0000    0.0000  0  30 Zn       absorbing atom
    -1.4169   -1.4169    1.4169  3  35 Br    
    k   real[2*phc]   mag[feff]  phase[feff] red factor   lambda      real[p]@#
  0.000  4.1545E+00  0.0000E+00 -4.0526E+00  0.9565E+00  1.3579E+01  1.7254E+00
  0.200  4.1609E+00  1.4369E-01 -4.9887E+00  0.9580E+00  1.3664E+01  1.7365E+00
  0.400  4.1788E+00  2.7383E-01 -5.8347E+00  0.9626E+00  1.3892E+01  1.7694E+00
  0.600  4.2042E+00  3.7963E-01 -6.5926E+00  0.9700E+00  1.4182E+01  1.8231E+00
  0.800  4.2307E+00  4.5399E-01 -7.2651E+00  0.9802E+00  1.4418E+01  1.8960E+00
  1.000  4.2511E+00  4.9276E-01 -7.8546E+00  0.9929E+00  1.4480E+01  1.9866E+00
  1.200  4.2574E+00  4.9362E-01 -8.3638E+00  0.1008E+01  1.4292E+01  2.0937E+00
  1.400  4.2426E+00  4.5629E-01 -8.7970E+00  0.1025E+01  1.3862E+01  2.2165E+00
  1.600  4.2006E+00  3.8460E-01 -9.1652E+00  0.1043E+01  1.3287E+01  2.3543E+00
  1.800  4.1270E+00  2.8946E-01 -9.4956E+00  0.1059E+01  1.2718E+01  2.5073E+00
  2.000  4.0190E+00  1.9082E-01 -9.8616E+00  0.1071E+01  1.2332E+01  2.6759E+00
  2.200  3.7659E+00  1.4460E-01 -1.0252E+01  0.1152E+01  9.2382E+00  2.9026E+00
  2.400  3.7890E+00  9.5975E-02 -1.1118E+01  0.1294E+01  6.4818E+00  3.0280E+00
  2.600  3.7798E+00  1.1961E-01 -1.2067E+01  0.1351E+01  5.6422E+00  3.1621E+00
  2.800  3.7437E+00  1.6622E-01 -1.2435E+01  0.1362E+01  5.3096E+00  3.3041E+00
  3.000  3.6766E+00  1.8826E-01 -1.2564E+01  0.1350E+01  5.1952E+00  3.4533E+00
  3.200  3.6061E+00  1.8662E-01 -1.2531E+01  0.1329E+01  5.1996E+00  3.6088E+00
  3.400  3.5115E+00  1.7097E-01 -1.2385E+01  0.1299E+01  5.2786E+00  3.7700E+00
  3.600  3.4129E+00  1.5400E-01 -1.2142E+01  0.1271E+01  5.4091E+00  3.9361E+00
  3.800  3.3093E+00  1.4690E-01 -1.1825E+01  0.1239E+01  5.5779E+00  4.1063E+00
  4.000  3.1952E+00  1.5480E-01 -1.1502E+01  0.1210E+01  5.7765E+00  4.2802E+00
  4.200  3.0918E+00  1.7763E-01 -1.1240E+01  0.1184E+01  5.9995E+00  4.4572E+00
  4.400  2.9881E+00  2.1211E-01 -1.1079E+01  0.1158E+01  6.2430E+00  4.6369E+00
  4.600  2.8881E+00  2.6009E-01 -1.0991E+01  0.1136E+01  6.5042E+00  4.8189E+00
  4.800  2.7812E+00  3.0675E-01 -1.0969E+01  0.1114E+01  6.7809E+00  5.0029E+00
  5.000  2.6820E+00  3.5929E-01 -1.0990E+01  0.1095E+01  7.0716E+00  5.1887E+00
  5.200  2.5851E+00  4.1701E-01 -1.1033E+01  0.1079E+01  7.3750E+00  5.3759E+00
  5.400  2.4833E+00  4.6798E-01 -1.1091E+01  0.1064E+01  7.6900E+00  5.5644E+00
  5.600  2.3865E+00  5.1809E-01 -1.1159E+01  0.1051E+01  8.0159E+00  5.7541E+00
  5.800  2.2860E+00  5.6553E-01 -1.1226E+01  0.1040E+01  8.3520E+00  5.9447E+00
  6.000  2.1883E+00  6.0386E-01 -1.1294E+01  0.1030E+01  8.6977E+00  6.1362E+00
  6.500  1.9393E+00  6.7191E-01 -1.1445E+01  0.1010E+01  9.6007E+00  6.6182E+00
  7.000  1.6943E+00  7.0225E-01 -1.1579E+01  0.9938E+00  1.0555E+01  7.1037E+00
  7.500  1.4593E+00  7.0807E-01 -1.1702E+01  0.9794E+00  1.1556E+01  7.5920E+00
  8.000  1.2410E+00  7.0783E-01 -1.1821E+01  0.9670E+00  1.2600E+01  8.0823E+00
  8.500  1.0395E+00  7.0128E-01 -1.1939E+01  0.9568E+00  1.3685E+01  8.5742E+00
  9.000  8.4968E-01  6.8210E-01 -1.2055E+01  0.9492E+00  1.4808E+01  9.0673E+00
  9.500  6.6760E-01  6.4873E-01 -1.2170E+01  0.9439E+00  1.5968E+01  9.5615E+00
 10.000  4.8809E-01  6.1056E-01 -1.2276E+01  0.9388E+00  1.7164E+01  1.0056E+01
 11.000  1.4243E-01  5.4114E-01 -1.2483E+01  0.9257E+00  1.9654E+01  1.1048E+01
 12.000 -1.6793E-01  4.7041E-01 -1.2691E+01  0.9148E+00  2.2271E+01  1.2042E+01
 13.000 -4.6033E-01  3.9938E-01 -1.2901E+01  0.9100E+00  2.5005E+01  1.3037E+01
 14.000 -7.3420E-01  3.4548E-01 -1.3101E+01  0.9071E+00  2.7851E+01  1.4033E+01
 15.000 -9.7967E-01  2.9349E-01 -1.3310E+01  0.9051E+00  3.0803E+01  1.5030E+01
 16.000 -1.2120E+00  2.5206E-01 -1.3510E+01  0.9054E+00  3.3854E+01  1.6027E+01
 17.000 -1.4308E+00  2.1969E-01 -1.3701E+01  0.9057E+00  3.7002E+01  1.7025E+01
 18.000 -1.6285E+00  1.8828E-01 -1.3909E+01  0.9059E+00  4.0240E+01  1.8023E+01
 19.000 -1.8181E+00  1.6570E-01 -1.4081E+01  0.9072E+00  4.3566E+01  1.9021E+01
 20.000 -1.9966E+00  1.4390E-01 -1.4263E+01  0.9080E+00  4.6977E+01  2.0019E+01
