# Output from Larch Wed Sep 19 20:57:10 2012
# data extracted from cyanobacteria.prj, file=Au foil.nor
#---------------------------------
#    energy         munorm
  11719.826000    0.006723
  11729.994000    0.005818
  11739.550000    0.005060
  11749.963000    0.004100
  11760.123000    0.003212
  11769.669000    0.002223
  11780.378000    0.001552
  11789.715000    0.000934
  11799.704000   -0.000050
  11810.043000   -0.000696
  11819.884000   -0.001294
  11829.772000   -0.001725
  11840.043000   -0.002275
  11849.965000   -0.002202
  11859.690000   -0.002194
  11869.983000   -0.000968
  11879.772000    0.001049
  11889.947000    0.005644
  11890.408000    0.006002
  11890.747000    0.006259
  11891.147000    0.006515
  11891.639000    0.006840
  11892.224000    0.007601
  11892.840000    0.007819
  11893.394000    0.008385
  11894.071000    0.008906
  11894.594000    0.009613
  11895.087000    0.010044
  11895.487000    0.010322
  11895.888000    0.010856
  11896.257000    0.011385
  11896.627000    0.011799
  11897.089000    0.012300
  11897.705000    0.013125
  11898.321000    0.014165
  11898.907000    0.014940
  11899.430000    0.015859
  11900.078000    0.016887
  11900.601000    0.017899
  11901.249000    0.018881
  11901.742000    0.019976
  11902.235000    0.020995
  11902.636000    0.021812
  11902.975000    0.022715
  11903.345000    0.023883
  11903.808000    0.025148
  11904.332000    0.026987
  11904.887000    0.028531
  11905.412000    0.030373
  11905.998000    0.032312
  11906.522000    0.034483
  11907.078000    0.036585
  11907.540000    0.039322
  11907.942000    0.041492
  11908.312000    0.043686
  11908.651000    0.045972
  11909.053000    0.048416
  11909.516000    0.051315
  11909.979000    0.054577
  11910.534000    0.058965
  11911.090000    0.064356
  11911.615000    0.070223
  11912.264000    0.078289
  11912.789000    0.085592
  11913.376000    0.094491
  11913.901000    0.103075
  11914.426000    0.113321
  11914.827000    0.122443
  11915.229000    0.134617
  11915.600000    0.148583
  11916.033000    0.167946
  11916.589000    0.195648
  11917.145000    0.227420
  11917.794000    0.272193
  11918.443000    0.325243
  11919.000000    0.379408
  11919.526000    0.438483
  11919.928000    0.491655
  11920.330000    0.541203
  11920.670000    0.581317
  11921.072000    0.621701
  11921.474000    0.655329
  11921.938000    0.686830
  11922.557000    0.718581
  11923.206000    0.742696
  11923.856000    0.757626
  11924.475000    0.764456
  11925.001000    0.766445
  11925.589000    0.766563
  11926.116000    0.766317
  11926.642000    0.766409
  11927.075000    0.767385
  11927.447000    0.769067
  11927.787000    0.771752
  11928.159000    0.775940
  11928.623000    0.782914
  11929.181000    0.792347
  11929.738000    0.802155
  11930.358000    0.813446
  11930.978000    0.825616
  11931.504000    0.835334
  11931.969000    0.843225
  11932.403000    0.850619
  11932.775000    0.856305
  11933.116000    0.859365
  11933.519000    0.864173
  11933.891000    0.867019
  11934.325000    0.869530
  11934.976000    0.872669
  11935.503000    0.874691
  11936.030000    0.876280
  11936.557000    0.878820
  11937.146000    0.881992
  11937.673000    0.885596
  11938.356000    0.890394
  11938.914000    0.894554
  11939.349000    0.897170
  11939.752000    0.900221
  11940.124000    0.902965
  11940.528000    0.906388
  11941.024000    0.911783
  11941.614000    0.920013
  11942.235000    0.932041
  11942.824000    0.946785
  11943.414000    0.964864
  11943.942000    0.982505
  11944.470000    1.002163
  11944.874000    1.016750
  11945.246000    1.028786
  11945.619000    1.038197
  11945.961000    1.044771
  11946.427000    1.049984
  11946.986000    1.051649
  11947.669000    1.047406
  11948.291000    1.038194
  11948.819000    1.028093
  11949.441000    1.014315
  11950.000000    1.002766
  11951.368000    0.979142
  11952.580000    0.968078
  11954.135000    0.962987
  11955.940000    0.956996
  11957.495000    0.950016
  11958.803000    0.948864
  11960.639000    0.958465
  11962.602000    0.980381
  11964.440000    1.002187
  11966.216000    1.027050
  11968.460000    1.045766
  11970.144000    1.050139
  11971.860000    1.042969
  11974.325000    1.026908
  11976.479000    1.015481
  11978.165000    1.006879
  11980.539000    0.998560
  11982.508000    0.993942
  11984.289000    0.988730
  11986.728000    0.979066
  11989.200000    0.968676
  11991.328000    0.962463
  11993.832000    0.962649
  11995.837000    0.965929
  11998.594000    0.973853
  12001.289000    0.985426
  12003.328000    0.997737
  12006.214000    1.008832
  12008.254000    1.012915
  12010.828000    1.012025
  12013.687000    1.007360
  12016.169000    1.002098
  12019.188000    0.997828
  12021.452000    0.995976
  12024.756000    0.995686
  12027.370000    0.996807
  12030.268000    0.997381
  12032.852000    0.996072
  12035.784000    0.992695
  12038.907000    0.987526
  12041.747000    0.981921
  12044.936000    0.977527
  12047.874000    0.975181
  12051.256000    0.975904
  12054.071000    0.979598
  12057.362000    0.984869
  12060.179000    0.988969
  12063.695000    0.993595
  12066.865000    0.996710
  12070.258000    0.999355
  12073.653000    1.001351
  12077.145000    1.002493
  12080.385000    1.002079
  12083.499000    1.002286
  12087.188000    1.003939
  12090.561000    1.005826
  12094.541000    1.007190
  12097.726000    1.004705
  12101.775000    0.999271
  12105.188000    0.993260
  12108.698000    0.989269
  12112.562000    0.987335
  12116.269000    0.986675
  12120.362000    0.986854
  12124.106000    0.988082
  12128.012000    0.990340
  12132.113000    0.994525
  12135.415000    0.998752
  12139.778000    1.004881
  12144.015000    1.010576
  12147.581000    1.014328
  12152.338000    1.015767
  12156.327000    1.013850
  12159.997000    1.010621
  12164.635000    1.004533
  12168.858000    0.998060
  12172.793000    0.993938
  12177.603000    0.991758
  12181.835000    0.992567
  12185.779000    0.994325
  12190.502000    0.995864
  12195.197000    0.995666
  12199.312000    0.994702
  12204.110000    0.996607
  12208.913000    1.000253
  12213.004000    1.003719
  12217.684000    1.007265
  12222.758000    1.010147
  12227.640000    1.010691
  12232.201000    1.008947
  12236.634000    1.005332
  12241.724000    1.000421
  12246.752000    0.996890
  12251.360000    0.996142
  12256.201000    0.995973
  12261.405000    0.996760
  12266.319000    0.996935
  12271.499000    0.997895
  12276.158000    0.997287
  12281.479000    0.997056
  12286.902000    0.998803
  12292.001000    1.001040
  12297.500000    1.003166
  12302.311000    1.004268
  12307.687000    1.005076
  12313.233000    1.005678
  12318.619000    1.004960
  12324.241000    1.003435
  12329.438000    1.000610
  12334.706000    0.997713
  12340.177000    0.995950
  12346.018000    0.995527
  12351.898000    0.996103
  12357.651000    0.997352
  12363.409000    0.998507
  12368.573000    0.999713
  12374.408000    1.001243
  12380.249000    1.002013
  12386.497000    1.002313
  12392.516000    1.003007
  12398.576000    1.003308
  12404.808000    1.002729
  12410.779000    1.001851
  12417.058000    1.000916
  12422.704000    0.999882
  12428.861000    0.998921
  12435.225000    0.997899
  12441.327000    0.997115
  12447.637000    0.996803
  12454.089000    0.997007
  12460.615000    0.997714
  12467.284000    0.998426
  12473.722000    0.999336
  12480.303000    1.000299
  12486.993000    1.001029
  12493.793000    1.001641
  12500.327000    1.001805
  12506.800000    1.001570
  12513.724000    1.000929
  12520.655000    1.000160
  12527.253000    0.999382
  12533.857000    0.999133
  12540.914000    0.998316
  12547.910000    0.998074
  12554.777000    0.997803
  12561.617000    0.997522
  12568.843000    0.997627
  12575.905000    0.998132
  12582.906000    0.998918
  12589.847000    0.999953
  12597.210000    1.000546
  12604.581000    1.000928
  12611.650000    1.001356
  12618.795000    1.001143
  12626.262000    1.000909
  12633.599000    1.000321
  12640.840000    0.999704
  12648.054000    0.999323
  12655.486000    0.999023
  12663.136000    0.998990
  12670.237000    0.998680
  12678.151000    0.998862
  12685.689000    0.998470
  12693.622000    0.998946
  12701.214000    0.999231
  12709.062000    0.999802
  12716.990000    1.000072
  12724.751000    1.000573
  12732.275000    1.000957
  12740.055000    1.001315
  12748.022000    1.001542
  12755.396000    1.001307
  12763.703000    1.001214
  12771.913000    1.001262
  12779.849000    1.000822
  12787.724000    1.000680
  12796.002000    1.000570
  12804.040000    1.000858
  12811.731000    1.000586
  12819.896000    1.000924
  12828.216000    1.000895
  12836.726000    1.001553
  12844.924000    1.001862
  12853.529000    1.002252
  12861.749000    1.002735
  12869.582000    1.002892
  12878.438000    1.003075
  12887.378000    1.003394
  12889.805000    1.003574
