#XDI/1.1    Epics StepScan File / 2.0
# Scan.start_time: 2014-09-19 15:50:23
# Legend.Start: Column.N: Name  units || EpicsPV
# Column.1: Fine_X mm  ||  13XRM:m1.VAL
# Column.2: Fine_X_read mm  ||  13XRM:m1.RBV
# Column.3: CountTime counts  ||  13IDE:scaler1.T
# Column.4: TSCALER counts  ||  13IDE:scaler1_calc1.VAL
# Column.5: I0 counts  ||  13IDE:scaler1_calc2.VAL
# Column.6: I1 counts  ||  13IDE:scaler1_calc3.VAL
# Column.7: I2 counts  ||  13IDE:scaler1_calc4.VAL
# Legend.End: here
# Scan.end_time: 2014-09-19 15:50:47
# ExtraPVs.Start: Family.Member: Value | PV
# Scaler.frequency: 5e+07  ||  13IDE:scaler1.FREQ
# Scaler.read_delay: 0  ||  13IDE:scaler1.DLY
# Scaler.Calc1: A  ||  13IDE:scaler1_calc1.CALC
# Scaler.Calc2: b-(1160*A/5.e7)  ||  13IDE:scaler1_calc2.CALC
# Scaler.Calc3: C-(766*A/5.e7)  ||  13IDE:scaler1_calc3.CALC
# Scaler.Calc4: D-(1275*A/5.e7)  ||  13IDE:scaler1_calc4.CALC
# Facility.Ring_Current: -0.0  ||  S:SRcurrentAI.VAL
# Facility.Ring_Lifetime: 0  ||  S:SRlifeTimeHrsCC.VAL
# Mono.dspacing: 3.13477  ||  13IDE:En:dspace.VAL
# Mono.height: 27.00000  ||  13IDE:En:height.VAL
# Beamline.I0_Sensitivity_Number: 20  ||  13IDE:A1sens_num.VAL
# Beamline.I0_Sensitivity_Units: nA/V  ||  13IDE:A1sens_unit.VAL
# ExtraPVs.End: here
# ------------------------
# Fine_X	Fine_X_read	CountTime	TSCALER	I0	I1	I2
      -0.500000       -0.500000        0.200000  10000005.000000       59.999884       -2.200077     -169.000127
      -0.450000       -0.450000        0.200000  10000005.000000       59.999884       -2.200077     -170.000127
      -0.400000       -0.400000        0.200000  10000005.000000       59.999884       -2.200077     -169.000127
      -0.350000       -0.350000        0.200000  10000005.000000       58.999884       -2.200077     -171.000127
      -0.300000       -0.300000        0.200000  10000005.000000       58.999884       -2.200077     -167.000127
      -0.250000       -0.250000        0.200000  10000005.000000       58.999884       -2.200077     -172.000127
      -0.200000       -0.200000        0.200000  10000005.000000       59.999884       -3.200077     -172.000127
      -0.150000       -0.150000        0.200000  10000005.000000       59.999884       -2.200077     -171.000127
      -0.100000       -0.100000        0.200000  10000005.000000       59.999884       -2.200077     -172.000127
      -0.050000       -0.050000        0.200000  10000005.000000       59.999884       -2.200077     -171.000127
       0.000000       -0.000000        0.200000  10000005.000000       59.999884       -2.200077     -174.000127
       0.050000        0.050000        0.200000  10000005.000000       59.999884       -2.200077     -173.000127
       0.100000        0.100000        0.200000  10000005.000000       59.999884       -1.200077     -171.000127
       0.150000        0.150000        0.200000  10000005.000000       59.999884       -2.200077     -175.000127
       0.200000        0.200000        0.200000  10000005.000000       59.999884       -2.200077     -173.000127
       0.250000        0.250000        0.200000  10000005.000000       59.999884       -2.200077     -176.000127
       0.300000        0.300000        0.200000  10000005.000000       59.999884       -2.200077     -173.000127
       0.350000        0.350000        0.200000  10000005.000000       59.999884       -2.200077     -174.000127
       0.400000        0.400000        0.200000  10000005.000000       59.999884       -2.200077     -172.000127
       0.450000        0.450000        0.200000  10000005.000000       59.999884       -2.200077     -169.000127
       0.500000        0.500000        0.200000  10000005.000000       59.999884       -2.200077     -170.000127
       0.550000        0.550000        0.200000  10000005.000000       58.999884       -2.200077     -171.000127
       0.600000        0.600000        0.200000  10000005.000000       59.999884       -3.200077     -172.000127
       0.650000        0.650000        0.200000  10000005.000000       59.999884       -2.200077     -171.000127
       0.700000        0.700000        0.200000  10000005.000000       59.999884       -2.200077     -174.000127
       0.750000        0.750000        0.200000  10000005.000000       59.999884       -2.200077     -174.000127
       0.800000        0.800000        0.200000  10000005.000000       58.999884       -2.200077     -173.000127
       0.850000        0.850000        0.200000  10000005.000000       60.999884       -2.200077     -170.000127
       0.900000        0.900000        0.200000  10000005.000000       59.999884       -2.200077     -172.000127
       0.950000        0.950000        0.200000  10000005.000000       59.999884       -3.200077     -174.000127
       1.000000        1.000000        0.200000  10000005.000000       59.999884       -2.200077     -172.000127
       1.050000        1.050000        0.200000  10000005.000000       59.999884       -2.200077     -169.000127
       1.100000        1.100000        0.200000  10000005.000000       59.999884       -2.200077     -176.000127
       1.150000        1.150000        0.200000  10000005.000000       58.999884       -3.200077     -172.000127
       1.200000        1.200000        0.200000  10000005.000000       59.999884       -2.200077     -172.000127
       1.250000        1.250000        0.200000  10000005.000000       59.999884       -2.200077     -169.000127
       1.300000        1.300000        0.200000  10000005.000000       59.999884       -2.200077     -170.000127
       1.350000        1.350000        0.200000  10000005.000000       59.999884       -2.200077     -175.000127
       1.400000        1.400000        0.200000  10000005.000000       59.999884       -2.200077     -171.000127
       1.450000        1.450000        0.200000  10000005.000000       59.999884       -3.200077     -172.000127
       1.500000        1.500000        0.200000  10000005.000000       59.999884       -2.200077     -173.000127
