#XDI/1.1    Epics StepScan File / 2.0
# Scan.start_time: 2014-09-19 16:17:49
# Legend.Start: Column.N: Name  units || EpicsPV
# Column.1: Fine_X mm  ||  13XRM:m1.VAL
# Column.2: Fine_X_read mm  ||  13XRM:m1.RBV
# Column.3: CountTime counts  ||  13IDE:scaler1.T
# Column.4: TSCALER counts  ||  13IDE:scaler1_calc1.VAL
# Column.5: I0 counts  ||  13IDE:scaler1_calc2.VAL
# Column.6: I1 counts  ||  13IDE:scaler1_calc3.VAL
# Column.7: I2 counts  ||  13IDE:scaler1_calc4.VAL
# Legend.End: here
# Scan.end_time: 2014-09-19 16:18:58
# ExtraPVs.Start: Family.Member: Value | PV
# Scaler.frequency: 5e+07  ||  13IDE:scaler1.FREQ
# Scaler.read_delay: 0  ||  13IDE:scaler1.DLY
# Scaler.Calc1: A  ||  13IDE:scaler1_calc1.CALC
# Scaler.Calc2: b-(1160*A/5.e7)  ||  13IDE:scaler1_calc2.CALC
# Scaler.Calc3: C-(766*A/5.e7)  ||  13IDE:scaler1_calc3.CALC
# Scaler.Calc4: D-(1275*A/5.e7)  ||  13IDE:scaler1_calc4.CALC
# Facility.Ring_Current: -0.0  ||  S:SRcurrentAI.VAL
# Facility.Ring_Lifetime: 0  ||  S:SRlifeTimeHrsCC.VAL
# Mono.dspacing: 3.13477  ||  13IDE:En:dspace.VAL
# Mono.height: 27.00000  ||  13IDE:En:height.VAL
# Beamline.I0_Sensitivity_Number: 20  ||  13IDE:A1sens_num.VAL
# Beamline.I0_Sensitivity_Units: nA/V  ||  13IDE:A1sens_unit.VAL
# ExtraPVs.End: here
# ------------------------
# Fine_X	Fine_X_read	CountTime	TSCALER	I0	I1	I2
      -1.000000       -1.000000        0.250000  12500005.000000       74.999884       -4.500077     -213.750128
      -0.980000       -0.980000        0.250000  12500005.000000       72.999884       -4.500077     -214.750128
      -0.960000       -0.960000        0.250000  12500005.000000       72.999884       -4.500077     -215.750128
      -0.940000       -0.940000        0.250000  12500005.000000       73.999884       -4.500077     -213.750128
      -0.920000       -0.920000        0.250000  12500005.000000       73.999884       -3.500077     -216.750128
      -0.900000       -0.900000        0.250000  12500005.000000       74.999884       -3.500077     -216.750128
      -0.880000       -0.880000        0.250000  12500005.000000       74.999884       -4.500077     -215.750128
      -0.860000       -0.860000        0.250000  12500005.000000       73.999884       -3.500077     -213.750128
      -0.840000       -0.840000        0.250000  12500005.000000       74.999884       -4.500077     -215.750128
      -0.820000       -0.820000        0.250000  12500005.000000       74.999884       -3.500077     -213.750128
      -0.800000       -0.800000        0.250000  12500005.000000       74.999884       -3.500077     -212.750128
      -0.780000       -0.780000        0.250000  12500005.000000       73.999884       -3.500077     -217.750128
      -0.760000       -0.760000        0.250000  12500005.000000       74.999884       -3.500077     -218.750128
      -0.740000       -0.740000        0.250000  12500005.000000       74.999884       -4.500077     -215.750128
      -0.720000       -0.720000        0.250000  12500005.000000       74.999884       -3.500077     -216.750128
      -0.700000       -0.700000        0.250000  12500005.000000       74.999884       -3.500077     -215.750128
      -0.680000       -0.680000        0.250000  12500005.000000       73.999884       -3.500077     -213.750128
      -0.660000       -0.660000        0.250000  12500005.000000       73.999884       -3.500077     -212.750128
      -0.640000       -0.640000        0.250000  12500005.000000       74.999884       -4.500077     -213.750128
      -0.620000       -0.620000        0.250000  12500005.000000       74.999884       -4.500077     -217.750128
      -0.600000       -0.600000        0.250000  12500005.000000       74.999884       -4.500077     -211.750128
      -0.580000       -0.580000        0.250000  12500005.000000       74.999884       -4.500077     -217.750128
      -0.560000       -0.560000        0.250000  12500005.000000       74.999884       -4.500077     -210.750128
      -0.540000       -0.540000        0.250000  12500005.000000       74.999884       -4.500077     -214.750128
      -0.520000       -0.520000        0.250000  12500005.000000       74.999884       -3.500077     -214.750128
      -0.500000       -0.500000        0.250000  12500005.000000       74.999884       -3.500077     -213.750128
      -0.480000       -0.480000        0.250000  12500005.000000       74.999884       -3.500077     -214.750128
      -0.460000       -0.460000        0.250000  12500005.000000       75.999884       -3.500077     -211.750128
      -0.440000       -0.440000        0.250000  12500005.000000       74.999884       -3.500077     -214.750128
      -0.420000       -0.420000        0.250000  12500005.000000       74.999884       -3.500077     -213.750128
      -0.400000       -0.400000        0.250000  12500005.000000       74.999884       -3.500077     -215.750128
      -0.380000       -0.380000        0.250000  12500005.000000       74.999884       -3.500077     -214.750128
      -0.360000       -0.360000        0.250000  12500005.000000       75.999884       -3.500077     -212.750128
      -0.340000       -0.340000        0.250000  12500005.000000       74.999884       -3.500077     -212.750128
      -0.320000       -0.320000        0.250000  12500005.000000       75.999884       -3.500077     -215.750128
      -0.300000       -0.300000        0.250000  12500005.000000       73.999884       -3.500077     -215.750128
      -0.280000       -0.280000        0.250000  12500005.000000       74.999884       -3.500077     -211.750128
      -0.260000       -0.260000        0.250000  12500005.000000       74.999884       -4.500077     -212.750128
      -0.240000       -0.240000        0.250000  12500005.000000       74.999884       -4.500077     -211.750128
      -0.220000       -0.220000        0.250000  12500005.000000       74.999884       -4.500077     -216.750128
      -0.200000       -0.200000        0.250000  12500005.000000       74.999884       -4.500077     -213.750128
      -0.180000       -0.180000        0.250000  12500005.000000       74.999884       -4.500077     -213.750128
      -0.160000       -0.160000        0.250000  12500005.000000       75.999884       -3.500077     -218.750128
      -0.140000       -0.140000        0.250000  12500005.000000       74.999884       -3.500077     -216.750128
      -0.120000       -0.120000        0.250000  12500005.000000       73.999884       -3.500077     -216.750128
      -0.100000       -0.100000        0.250000  12500005.000000       74.999884       -3.500077     -217.750128
      -0.080000       -0.080000        0.250000  12500005.000000       74.999884       -3.500077     -215.750128
      -0.060000       -0.060000        0.250000  12500005.000000       73.999884       -3.500077     -217.750128
      -0.040000       -0.040000        0.250000  12500005.000000       74.999884       -3.500077     -215.750128
      -0.020000       -0.020000        0.250000  12500005.000000       74.999884       -3.500077     -216.750128
       0.000000       -0.000000        0.250000  12500005.000000       74.999884       -3.500077     -217.750128
       0.020000        0.020000        0.250000  12500005.000000       73.999884       -3.500077     -214.750128
       0.040000        0.040000        0.250000  12500005.000000       74.999884       -3.500077     -212.750128
       0.060000        0.060000        0.250000  12500005.000000       73.999884       -3.500077     -217.750128
       0.080000        0.080000        0.250000  12500005.000000       73.999884       -3.500077     -213.750128
       0.100000        0.100000        0.250000  12500005.000000       73.999884       -4.500077     -215.750128
       0.120000        0.120000        0.250000  12500005.000000       73.999884       -4.500077     -214.750128
       0.140000        0.140000        0.250000  12500005.000000       73.999884       -4.500077     -219.750128
       0.160000        0.160000        0.250000  12500005.000000       74.999884       -4.500077     -214.750128
       0.180000        0.180000        0.250000  12500005.000000       74.999884       -5.500077     -214.750128
       0.200000        0.200000        0.250000  12500005.000000       74.999884       -5.500077     -218.750128
       0.220000        0.220000        0.250000  12500005.000000       74.999884       -5.500077     -216.750128
       0.240000        0.240000        0.250000  12500005.000000       73.999884       -5.500077     -218.750128
       0.260000        0.260000        0.250000  12500005.000000       73.999884       -6.500077     -215.750128
       0.280000        0.280000        0.250000  12500005.000000       74.999884       -5.500077     -213.750128
       0.300000        0.300000        0.250000  12500005.000000       74.999884       -5.500077     -216.750128
       0.320000        0.320000        0.250000  12500005.000000       73.999884       -5.500077     -215.750128
       0.340000        0.340000        0.250000  12500005.000000       73.999884       -5.500077     -215.750128
       0.360000        0.360000        0.250000  12500005.000000       74.999884       -5.500077     -211.750128
       0.380000        0.380000        0.250000  12500005.000000       73.999884       -5.500077     -213.750128
       0.400000        0.400000        0.250000  12500005.000000       73.999884       -5.500077     -214.750128
       0.420000        0.420000        0.250000  12500005.000000       74.999884       -5.500077     -212.750128
       0.440000        0.440000        0.250000  12500005.000000       73.999884       -5.500077     -218.750128
       0.460000        0.460000        0.250000  12500005.000000       73.999884       -5.500077     -211.750128
       0.480000        0.480000        0.250000  12500005.000000       73.999884       -5.500077     -216.750128
       0.500000        0.500000        0.250000  12500005.000000       74.999884       -5.500077     -212.750128
       0.520000        0.520000        0.250000  12500005.000000       74.999884       -5.500077     -214.750128
       0.540000        0.540000        0.250000  12500005.000000       73.999884       -5.500077     -213.750128
       0.560000        0.560000        0.250000  12500005.000000       74.999884       -5.500077     -211.750128
       0.580000        0.580000        0.250000  12500005.000000       74.999884       -5.500077     -214.750128
       0.600000        0.600000        0.250000  12500005.000000       73.999884       -4.500077     -212.750128
       0.620000        0.620000        0.250000  12500005.000000       73.999884       -5.500077     -214.750128
       0.640000        0.640000        0.250000  12500005.000000       73.999884       -5.500077     -216.750128
       0.660000        0.660000        0.250000  12500005.000000       73.999884       -4.500077     -214.750128
       0.680000        0.680000        0.250000  12500005.000000       73.999884       -5.500077     -214.750128
       0.700000        0.700000        0.250000  12500005.000000       74.999884       -4.500077     -214.750128
       0.720000        0.720000        0.250000  12500005.000000       74.999884       -5.500077     -213.750128
       0.740000        0.740000        0.250000  12500005.000000       74.999884       -4.500077     -214.750128
       0.760000        0.760000        0.250000  12500005.000000       73.999884       -4.500077     -212.750128
       0.780000        0.780000        0.250000  12500005.000000       73.999884       -4.500077     -212.750128
       0.800000        0.800000        0.250000  12500005.000000       74.999884       -5.500077     -214.750128
       0.820000        0.820000        0.250000  12500005.000000       73.999884       -5.500077     -216.750128
       0.840000        0.840000        0.250000  12500005.000000       73.999884       -5.500077     -213.750128
       0.860000        0.860000        0.250000  12500005.000000       72.999884       -4.500077     -213.750128
       0.880000        0.880000        0.250000  12500005.000000       73.999884       -4.500077     -214.750128
       0.900000        0.900000        0.250000  12500005.000000       72.999884       -5.500077     -212.750128
       0.920000        0.920000        0.250000  12500005.000000       73.999884       -5.500077     -212.750128
       0.940000        0.940000        0.250000  12500005.000000       73.999884       -5.500077     -212.750128
       0.960000        0.960000        0.250000  12500005.000000       73.999884       -6.500077     -219.750128
       0.980000        0.980000        0.250000  12500005.000000       73.999884       -5.500077     -218.750128
       1.000000        1.000000        0.250000  12500005.000000       74.999884       -5.500077     -209.750128
