#D Tue Jul 09 14:44:45 2019  
#S Scan 29; exafsscan 
#C exafs_edge_energy 6.539
#C exafs_region -200 -20 36 1 0 0 0
#C exafs_region -20 50 175 1 0 0 0
#C exafs_region 50 275 225 1 0 0 0
#C exafs_region 275 744.711 130 1 0 1 0.5  
#C 1_Energy (keV) 2_sec 3_mononrg 4_i0 5_i1 6_i2 7_i3 8_mu01 9_mu12 10_mu23 11_flatot 12_fla01 13_fla02 14_fla03 15_fla04 16_fla05 17_fla06 18_fla07 19_fla08 20_fla09 21_fla10 22_fla11 23_fla12 24_fla13 25_dt 26_TC1 
6.339 1 6.33899 197525 81565.6 95249.8 -45.6003 0.884456 -0.155095 0 11.0001 0 0 0 4.00009 0 0 0 0 0 7 0 0 0 0.00363816 0 
6.344 1 6.34399 197509 82077.6 95967.8 -49.6003 0.878117 -0.156348 0 12.0002 0 0 0 8.00017 0 0 0 0 0 4 0 0 0 0.00393106 0 
6.349 1 6.34899 197484 83023.6 97301.8 -46.6003 0.866531 -0.158693 0 14.0004 0 0 0 8.00017 0 0 0 0 0 6.00019 0 0 0 0.00378719 0 
6.354 1 6.35399 197511 84091.6 98735.8 -41.6003 0.853886 -0.160541 0 12.0001 0 0 0 7.00015 0 0 0 0 0 5 0 0 0 0.00396736 0 
6.359 1 6.35899 197485 85057.6 100075 -44.6003 0.842332 -0.162589 0 9.00011 0 0 0 5.00011 0 0 0 0 0 4 0 0 0 0.0039093 0 
6.364 1 6.36399 197490 86063.6 101461 -39.6003 0.830599 -0.164586 0 13.0002 1.00002 0 0 6.00013 0 0 0 0 1.00008 5 0 0 0 0.00384595 0 
6.369 1 6.36899 197500 87049.6 102796 -42.6003 0.819258 -0.166266 0 11.0002 0 0 0 8.00016 0 0 0 0 0 2 0 0 1.00001 0.00384122 0 
6.374 1 6.37399 197488 88125.6 104235 -39.6003 0.806913 -0.167883 0 13.0002 0 0 0 10.0002 0 0 0 0 0 3 0 0 0 0.00384122 0 
6.379 1 6.37899 197483 89525.6 105646 -44.6003 0.791126 -0.165567 0 7.00014 0 0 0 7.00014 0 0 0 0 0 0 0 0 0 0.00366315 0 
6.384 1 6.38399 197452 90539.6 107219 -40.6003 0.779706 -0.169084 0 19.0005 0 0 0 10.0002 0 0 0 0 0 9.00029 0 0 0 0.00405105 0 
6.389 1 6.38899 197436 91483.6 108572 -40.6003 0.769253 -0.171252 0 18.0001 0 0 0 7.00015 0 0 0 0 0 11 0 0 0 0.00405105 0 
6.394 1 6.39399 197393 92464.6 109981 -35.6003 0.758369 -0.17348 0 15.0002 0 0 0 8.00016 0 0 0 0 0 7 0 0 0 0.00388114 0 
6.399 1 6.39899 197448 93554.6 111524 -41.6003 0.746928 -0.175693 0 14.0002 0 0 0 9.00017 0 0 0 0 0 5 0 0 0 0.00374546 0 
6.404 1 6.40399 197438 94624.6 113030 -39.6003 0.735505 -0.177734 0 12.0002 0 0 0 7.00014 0 0 0 0 0 4 0 0 1.00001 0.00381691 0 
6.409 1 6.40899 197478 95653.6 114507 -39.6003 0.724892 -0.179901 0 9.00008 0 0 0 3.00007 0 1.00001 0 0 0 5 0 0 0 0.00389102 0 
6.414 1 6.41399 197426 96812.6 116048 -42.6003 0.712585 -0.181225 0 13.0003 0 0 0 7.00014 0 0 0 0 0 6.00019 0 0 0 0.00416935 0 
6.419 1 6.41899 197474 97867.6 117752 -44.6003 0.701989 -0.184963 0 13.0001 0 0 0 5.00011 0 0 0 0 0 8 0 0 0 0.00416935 0 
6.424 1 6.42399 197476 98980.6 119227 -46.6003 0.690691 -0.186104 0 15.0001 0 0 0 6.00012 0 0 0 0 0 8 0 0 1.00001 0.00377153 0 
6.429 1 6.42899 197458 100050 120782 -43.6003 0.679858 -0.18832 0 19.0002 0 0 0 13.0002 0 0 0 0 0 6 0 0 0 0.00388711 0 
6.434 1 6.43399 197461 101158 122370 -43.6003 0.668859 -0.190368 0 12.0002 0 0 0 7.00015 0 0 0 0 1.00007 4 0 0 0 0.00360891 0 
6.439 1 6.43899 197418 102171 123906 -43.6003 0.658677 -0.192878 0 10.0001 0 0 0 5.00011 0 0 0 0 0 5 0 0 0 0.00365564 0 
6.444 1 6.44399 197461 103279 125451 -44.6003 0.648109 -0.194483 0 10.0001 0 0 0 4.00007 0 0 0 0 0 6 0 0 0 0.00407748 0 
6.449 1 6.44899 197425 104304 127168 -45.6003 0.638051 -0.198202 0 8.00016 0 0 0 5.00009 0 0 0 0 0 2.00007 0 0 1.00001 0.00391432 0 
6.454 1 6.45399 197476 105381 128809 -48.6003 0.628036 -0.200751 0 15.0002 0 0 0 8.00016 0 0 0 0 0 6 0 0 1 0.0037947 0 
6.459 1 6.45899 197464 106385 130460 -48.6003 0.618493 -0.204004 0 14.0001 0 0 0 7.00015 0 0 0 0 0 7 0 0 0 0.0037947 0 
6.464 1 6.46399 197470 107427 132105 -39.6003 0.608777 -0.206788 0 12.0002 0 0 0 8.00016 0 0 0 0 0 4 0 0 0 0.00371321 0 
6.469 1 6.46899 197434 108527 133683 -42.6003 0.598407 -0.208475 0 12.0002 0 0 0 8.00017 0 0 0 0 0 4 0 0 0 0.00371334 0 
6.474 1 6.47399 197417 109665 135354 -38.6003 0.58789 -0.210465 0 13.0001 0 0 0 7.00014 0 0 0 0 0 6 0 0 0 0.00402422 0 
6.479 1 6.47899 197445 110697 136946 -43.6003 0.578665 -0.212792 0 8.00012 0 0 0 5.00011 0 1.00001 0 0 0 2 0 0 0 0.00392634 0 
6.484 1 6.48399 197434 111671 138621 -40.6003 0.569849 -0.216189 0 12.0002 0 0 0 8.00016 0 0 0 0 0 4 0 0 0 0.00364967 0 
6.489 1 6.48899 197430 112716 140276 -38.6003 0.560514 -0.218743 0 15.0002 0 0 0 8.00016 0 1.00001 0 0 0 6 0 0 0 0.00364967 0 
6.494 1 6.49399 197447 113736 141779 -37.6003 0.551592 -0.220392 0 18.0002 0 0 0 10.0002 0 0 0 0 0 8 0 0 0 0.00379037 0 
6.499 1 6.49899 197478 114634 143268 -35.6003 0.543884 -0.222975 0 20.0002 0 0 0 10.0002 0 0 0 0 0 10 0 0 0 0.00378903 0 
6.504 1 6.50399 197390 115530 144648 -23.6003 0.535653 -0.224775 0 8.00011 0 0 0 5.0001 0 0 0 0 0 2 0 0 1.00001 0.00382874 0 
6.509 1 6.50899 197465 116419 145900 -25.6003 0.528367 -0.225728 0 16.0002 0 0 0 8.00017 0 0 0 0 0 8 0 0 0 0.00368479 0 
6.514 1 6.51399 197428 117011 146965 -18.6003 0.523107 -0.227929 0 11.0001 0 0 0 7.00014 0 0 0 0 0 4 0 0 0 0.0039927 0 
6.519 1 6.51899 197440 117436 147688 -6.60029 0.519543 -0.22921 0 12.0002 0 0 0 9.00018 0 0 0 0 0 3 0 0 0 0.00388057 0 
6.5194 1 6.51939 197412 117422 147786 -1.60029 0.51952 -0.229993 0 12.0003 0 0 0 8.00017 0 0 0 0 0 3.0001 0 0 1.00001 0.00388057 0 
6.5198 1 6.51979 197453 117511 147877 5.39971 0.51897 -0.229851 10.2178 15.0002 0 0 0 8.00015 0 0 0 0 0 7 0 0 0 0.00426482 0 
6.5202 1 6.52019 197486 117627 147864 8.39971 0.51815 -0.228776 9.77585 9.00011 0 0 0 5.00011 0 0 0 0 0 4 0 0 0 0.0035768 0 
6.5206 1 6.52059 197473 117619 147919 6.39971 0.518153 -0.229216 10.0482 15.0001 0 0 0 7.00015 0 0 0 0 0 8 0 0 0 0.00380769 0 
6.521 1 6.52099 197394 117545 147878 25.3997 0.518382 -0.229568 8.6694 18.0002 0 0 0 7.00015 0 0 0 0 0 10 0 0 1.00001 0.00372017 0 
6.5214 1 6.52139 197436 117530 147946 31.3997 0.518722 -0.230156 8.4578 8.00009 0 0 0 4.00009 0 0 0 0 0 4 0 0 0 0.00382479 0 
6.5218 1 6.52179 197440 117531 147892 27.3997 0.518734 -0.229782 8.5937 14.0001 0 0 0 7.00014 0 0 0 0 0 7 0 0 0 0.00382479 0 
6.5222 1 6.52219 197431 117493 147884 10.3997 0.519012 -0.230051 9.5624 9.00013 0 0 0 6.00013 0 0 0 0 0 3 0 0 0 0.00386853 0 
6.5226 1 6.52259 197481 117465 147895 12.3997 0.519503 -0.230364 9.38658 7.00005 0 0 0 3.00005 0 0 0 0 0 4 0 0 0 0.0037471 0 
6.523 1 6.52299 197405 117490 147824 13.3997 0.518906 -0.229671 9.30854 16.0002 0 0 0 11.0002 0 0 0 0 0 5 0 0 0 0.00343063 0 
6.5234 1 6.52339 197405 117498 147889 9.39971 0.518838 -0.230043 9.66354 11.0002 0 0 0 7.00014 0 0 0 0 0 3 0 0 1.00001 0.00380689 0 
6.5238 1 6.52379 197455 117519 147877 16.3997 0.518912 -0.229783 9.10687 16.0004 0 0 0 10.0002 0 0 0 0 0 6.00019 0 0 0 0.00381902 0 
6.5242 1 6.52419 197403 117549 147813 14.3997 0.518393 -0.229095 9.23649 10.0001 0 0 0 4.00009 0 0 0 0 0 6 0 0 0 0.00423805 0 
6.5246 1 6.52459 197427 117478 147807 -1.60029 0.519119 -0.229658 0 15.0002 0 0 0 10.0002 0 0 0 0 0 5 0 0 0 0.00375999 0 
6.525 1 6.52499 197443 117517 147852 -2.60029 0.518868 -0.229631 0 18.0002 0 0 0 12.0002 0 0 0 0 0 5 0 0 1 0.00387644 0 
6.5254 1 6.52539 197418 117425 147727 -6.60029 0.519525 -0.229568 0 14.0002 0 0 0 9.00014 0 0 0 0 0 4 0 0 1.00001 0.003705 0 
6.5258 1 6.52579 197444 117320 147736 -11.6003 0.520551 -0.230524 0 11.0001 0 0 0 6.00012 0 0 0 0 0 4 0 0 1.00001 0.00387067 0 
6.5262 1 6.52619 197453 117294 147662 -5.60029 0.520818 -0.230244 0 7.00008 0 0 0 4.00008 0 0 0 0 0 3 0 0 0 0.00374507 0 
6.5266 1 6.52659 197445 117252 147625 -11.6003 0.521136 -0.230352 0 10.0002 1.00002 0 0 6.00013 0 0 0 0 0 2 0 0 1 0.0038549 0 
6.527 1 6.52699 197444 117290 147491 -8.60029 0.520807 -0.22912 0 13.0001 0 0 0 7.00012 0 0 0 0 0 6 0 0 0 0.00369796 0 
6.5274 1 6.52739 197517 117313 147506 -9.60029 0.52098 -0.229025 0 14.0002 0 0 0 6.00013 0 0 0 0 1.00007 7 0 0 0 0.00379017 0 
6.5278 1 6.52779 197440 117174 147412 -9.60029 0.521776 -0.229573 0 12.0002 0 0 0 7.00014 0 0 0 0 0 4 0 0 1.00001 0.00379017 0 
6.5282 1 6.52819 197412 117111 147216 -11.6003 0.522172 -0.228781 0 6.00015 0 0 0 4.00009 0 0 0 0 0 2.00006 0 0 0 0.0040766 0 
6.5286 1 6.52859 197366 117001 147038 -10.6003 0.522879 -0.228511 0 10.0001 0 0 0 4.00008 0 0 0 0 0 6 0 0 0 0.0040766 0 
6.529 1 6.52899 197211 116752 146803 -11.6003 0.524224 -0.229042 0 6.00011 0 0 0 5.00011 0 0 0 0 0 1 0 0 0 0.00366247 0 
6.5294 1 6.52939 197169 116701 146658 -13.6003 0.524448 -0.22849 0 14.0001 0 0 0 5.00011 0 0 0 0 0 9 0 0 0 0.00402184 0 
6.5298 1 6.52979 197296 116708 146723 -18.6003 0.525031 -0.228873 0 15.0002 0 0 0 11.0002 0 0 0 0 0 4 0 0 0 0.00390546 0 
6.5302 1 6.53019 197612 116765 146836 -6.60029 0.526144 -0.229155 0 11.0001 0 0 0 5.00011 0 0 0 0 0 6 0 0 0 0.0038072 0 
6.5306 1 6.53059 197923 116639 146625 -16.6003 0.528796 -0.228797 0 13.0002 0 0 0 9.00015 0 0 0 0 0 4 0 0 0 0.00384393 0 
6.531 1 6.53099 197736 116353 146259 -47.6003 0.530306 -0.228752 0 11.0002 0 0 0 8.00016 0 0 0 0 0 3 0 0 0 0.00384393 0 
6.5314 1 6.53139 197504 116138 145877 -48.6003 0.530981 -0.227987 0 15.0001 0 0 0 5.0001 0 1.00001 0 0 0 9 0 0 0 0.0037166 0 
6.5318 1 6.53179 197480 115735 145560 -51.6003 0.534336 -0.229287 0 12.0002 0 0 0 10.0002 0 0 0 0 0 2 0 0 0 0.00387884 0 
6.5322 1 6.53219 197444 115566 145141 -11.6003 0.535615 -0.227866 0 12.0001 0 0 0 7.00014 0 0 0 0 0 5 0 0 0 0.00391625 0 
6.5326 1 6.53259 197439 115383 144932 -14.6003 0.537174 -0.22801 0 13.0001 0 0 0 6.00012 0 0 0 0 0 6 0 0 1.00001 0.00394808 0 
6.533 1 6.53299 197467 115073 144539 -14.6003 0.540006 -0.227985 0 16.0002 0 0 0 9.00018 0 0 0 0 0 7 0 0 0 0.00394808 0 
6.5334 1 6.53339 197476 114880 144072 -35.6003 0.54173 -0.226427 0 13.0002 0 0 0 9.00015 0 0 0 0 0 4 0 0 0 0.00399434 0 
6.5338 1 6.53379 197437 114536 143680 -47.6003 0.544532 -0.226702 0 15.0001 0 0 0 6.00013 0 0 0 0 0 9 0 0 0 0.00387673 0 
6.5342 1 6.53419 197420 114377 143121 -39.6003 0.545835 -0.224193 0 14.0001 0 0 0 7.00015 0 0 0 0 0 7 0 0 0 0.00376777 0 
6.5346 1 6.53459 197470 114506 142688 -35.6003 0.544961 -0.220035 0 15.0002 0 0 0 11.0002 0 0 0 0 0 4 0 0 0 0.00376777 0 
6.535 1 6.53499 197438 114075 142063 -34.6003 0.54857 -0.219417 0 17.0001 0 0 0 7.00015 0 0 0 0 0 10 0 0 0 0.00411422 0 
6.5354 1 6.53539 197455 113602 141286 -41.6003 0.552811 -0.218087 0 13.0002 0 0 0 8.00016 0 0 0 0 0 5 0 0 0 0.00402231 0 
6.5358 1 6.53579 197507 113060 140421 -41.6003 0.557857 -0.216729 0 15.0002 0 0 0 10.0002 0 0 0 0 0 5 0 0 0 0.00379435 0 
6.5362 1 6.53619 197395 112062 139257 -40.6003 0.566156 -0.217271 0 15.0002 0 0 0 9.00014 0 1.00001 0 0 0 5 0 0 0 0.00379435 0 
6.5366 1 6.53659 197414 111271 138059 -40.6003 0.573336 -0.215715 0 15.0001 0 0 0 7.00014 0 0 0 0 0 8 0 0 0 0.00386309 0 
6.537 1 6.53699 197454 110472 136413 -47.6003 0.580745 -0.210927 0 10.0002 0 0 0 5.00011 0 0 0 0 0 4.00013 0 0 1.00001 0.00411663 0 
6.5374 1 6.53739 197454 109591 134391 -43.6003 0.588752 -0.204 0 17.0002 0 0 0 9.00018 0 0 0 0 0 7 0 0 1.00001 0.00411663 0 
6.5378 1 6.53779 197426 108378 131661 -45.6003 0.59974 -0.194607 0 15.0002 0 0 0 10.0002 0 0 0 0 0 5 0 0 0 0.00386277 0 
6.5382 1 6.53819 197469 106904 127477 -45.6003 0.613652 -0.176007 0 12.0001 1.00002 0 0 6.00012 0 0 0 0 0 5 0 0 0 0.00384556 0 
6.5386 1 6.53859 197428 104653 121127 -45.6003 0.634726 -0.146192 0 10.0001 0 0 0 5.0001 0 0 0 0 0 5 0 0 0 0.00365355 0 
6.539 1 6.53899 197417 101344 112206 -48.6003 0.666799 -0.101818 0 10.0001 0 0 0 7.00012 0 0 0 0 0 3 0 0 0 0.00377268 0 
6.5394 1 6.53939 197476 96235.6 101766 -47.6003 0.718816 -0.0558747 0 11.0001 0 0 0 7.00014 0 0 0 0 0 4 0 0 0 0.00378528 0 
6.5398 1 6.53979 197484 89180.6 90900.8 -39.6003 0.794992 -0.0191053 0 10.0001 0 0 0 5.00011 0 0 0 0 0 5 0 0 0 0.00391089 0 
6.5402 1 6.54019 197453 80733.6 80195.8 -48.6003 0.894344 0.0066837 0 15.0001 0 0 0 5.00011 0 0 0 0 0 10 0 0 0 0.00368864 0 
6.5406 1 6.54059 197445 71737.6 70005.8 -59.6003 1.01244 0.0244369 0 19.0002 0 0 0 11.0002 0 0 0 0 0 8 0 0 0 0.00359842 0 
6.541 1 6.54099 197458 65111.6 62577.8 -55.6003 1.10942 0.0396921 0 8.64425 0 0 0 4.00009 0 0 0 0 0 3.64417 0 0 1 0.00359842 0 
6.5414 1 6.54139 197461 60719.6 57746.8 -42.6003 1.17927 0.0501986 0 6.00013 0 0 0 6.00013 0 0 0 0 0 0 0 0 0 5.58513 0 
6.5418 1 6.54179 197464 56310.6 52995.8 -42.6003 1.25467 0.0606701 0 5.0001 0 0 0 5.0001 0 0 0 0 0 0 0 0 0 7.69633 0 
6.5422 1 6.54219 197503 50806.6 47648.8 -37.6003 1.35773 0.0641688 0 12.0002 0 0 0 12.0002 0 0 0 0 0 0 0 0 0 7.69611 0 
6.5426 1 6.54259 197471 46010.6 43316.8 -42.6003 1.45672 0.0603313 0 6.0001 0 0 0 5.00011 0 0 0 0 0 0 0 0 1 7.69632 0 
6.543 1 6.54299 197400 43417.6 40805.8 -44.6003 1.51437 0.0620407 0 4.00007 0 0 0 4.00007 0 0 0 0 0 0 0 0 0 7.69638 0 
6.5434 1 6.54339 197455 42998.6 40021.8 -42.6003 1.52434 0.0717433 0 6.00013 0 0 0 6.00013 0 0 0 0 0 0 0 0 0 7.69611 0 
6.5438 1 6.54379 197454 44014.6 40634.8 -43.6003 1.50098 0.0798966 0 4.00009 0 0 0 4.00009 0 0 0 0 0 0 0 0 0 7.69621 0 
6.5442 1 6.54419 197429 45930.6 41678.8 -43.6003 1.45825 0.097139 0 6.00013 0 0 0 6.00013 0 0 0 0 0 0 0 0 0 7.69621 0 
6.5446 1 6.54459 197438 47636.6 42533.8 -42.6003 1.42182 0.113302 0 12.0002 0 0 0 11.0002 0 0 0 0 0 0 0 0 1 7.69616 0 
6.545 1 6.54499 197462 47634.6 42553.8 -43.6003 1.42198 0.11279 0 9.00018 0 0 0 9.00018 0 0 0 0 0 0 0 0 0 7.69603 0 
6.5454 1 6.54539 197457 47982.6 41827.8 -43.6003 1.41468 0.137277 0 8.90165 0 0 0 6.00013 0 0 0 0 0 2.90152 0 0 0 7.69635 0 
6.5458 1 6.54579 197503 47155.6 40652.8 -45.6003 1.4323 0.148385 0 10.0001 0 0 0 5.00011 0 0 0 0 0 5 0 0 0 10.0852 0 
6.5462 1 6.54619 197403 45611.6 38896.8 -44.6003 1.46508 0.15925 0 12.0002 0 0 0 8.00016 0 0 0 0 0 4 0 0 0 7.69523 0 
6.5466 1 6.54659 197440 43046.6 36482.8 -46.6003 1.52315 0.165442 0 12.0002 0 0 0 10.0002 0 0 0 0 0 2 0 0 0 7.69526 0 
6.547 1 6.54699 197429 39229.6 33036.8 -54.6003 1.61595 0.171809 0 12.0002 0 0 0 8.00016 0 0 0 0 0 4 0 0 0 7.6951 0 
6.5474 1 6.54739 197461 34503.6 28773.8 -46.6003 1.74448 0.181598 0 15.0001 0 0 0 7.00015 0 0 0 0 0 8 0 0 0 7.6951 0 
6.5478 1 6.54779 197448 28974.6 24212.8 -45.6003 1.91905 0.179538 0 8.00008 0 0 0 4.00009 0 0 0 0 0 4 0 0 0 0.0037423 0 
6.5482 1 6.54819 197454 23819.6 19852.8 -43.6003 2.11499 0.182164 0 12.0002 0 0 0 9.00018 0 1.00001 0 0 0 2 0 0 0 0.00379703 0 
6.5486 1 6.54859 197442 18814.6 16067.8 -48.6003 2.35081 0.157816 0 11.0001 0 0 0 5.00011 0 0 0 0 0 6 0 0 0 0.0038097 0 
6.549 1 6.54899 197432 14548.6 12816.8 -33.6003 2.6079 0.126738 0 14.0001 0 0 0 6.00012 0 0 0 0 0 7 0 0 1.00001 0.00381999 0 
6.5494 1 6.54939 197429 11175.6 10109.8 -30.6003 2.87164 0.100228 0 16.0003 0 0 0 11.0002 0 0 0 0 0 5.00017 0 0 0 0.00381999 0 
6.5498 1 6.54979 197458 8098.6 7812.8 -36.6003 3.19383 0.0359278 0 12.0002 0 0 0 9.00018 0 0 0 0 0 3 0 0 0 0.00382006 0 
6.5502 1 6.55019 197425 5321.6 5876.8 -31.6003 3.61358 -0.0992384 0 12.0002 0 0 0 8.00017 0 0 0 0 0 3 0 0 1.00001 0.0036796 0 
6.5506 1 6.55059 197426 3151.6 4293.8 -31.6003 4.13745 -0.309262 0 4.00004 0 0 0 2.00004 0 0 0 0 0 2 0 0 0 0.00393453 0 
6.551 1 6.55099 197395 1694.6 3069.8 -32.6003 4.75776 -0.594166 0 11.0002 0 0 0 8.00017 0 0 0 0 0 3 0 0 0 0.00393453 0 
6.5514 1 6.55139 197438 978.6 2228.8 -28.6003 5.30705 -0.823096 0 13.0001 0 0 0 7.00015 0 0 0 0 0 6 0 0 0 0.00370921 0 
6.5518 1 6.55179 197384 576.6 1715.8 -29.6003 5.83576 -1.09049 0 13.0001 0 0 0 6.00013 0 0 0 0 0 6 0 0 1 0.00370921 0 
6.5522 1 6.55219 197435 403.6 1417.8 -36.6003 6.19274 -1.25644 0 12.0002 0 0 0 8.00015 0 0 0 0 0 4 0 0 0 0.00397588 0 
6.5526 1 6.55259 197430 252.6 1114.8 -38.6003 6.66133 -1.48462 0 12.0001 0 0 0 5.00011 0 0 0 0 0 6 0 0 1.00001 0.00375355 0 
6.553 1 6.55299 197434 145.6 828.8 -40.6003 7.21229 -1.73912 0 10.0001 0 0 0 6.00012 0 0 0 0 0 4 0 0 0 0.00388615 0 
6.5534 1 6.55339 197416 132.6 805.8 -38.6003 7.30573 -1.8045 0 12.0002 0 0 0 12.0002 0 0 0 0 0 0 0 0 0 7.6963 0 
6.5538 1 6.55379 197416 85.6 536.8 -38.6003 7.74338 -1.83594 0 9.00018 0 0 0 9.00018 0 0 0 0 0 0 0 0 0 7.6963 0 
6.5542 1 6.55419 197422 103.6 553.8 -46.6003 7.55256 -1.67627 0 7.00016 0 0 0 6.00012 1.00003 0 0 0 0 0 0 0 0 7.69617 0 
6.5546 1 6.55459 197431 89.6 617.8 -45.6003 7.69779 -1.93081 0 8.00015 0 0 0 8.00015 0 0 0 0 0 0 0 0 0 7.69614 0 
6.555 1 6.55499 197391 80.6 578.8 -42.6003 7.80344 -1.97146 0 12.0002 0 0 0 10.0002 0 1.00001 0 0 0 0 0 0 1.00001 7.6962 0 
6.5554 1 6.55539 197407 68.6 722.8 -44.6003 7.96473 -2.35484 0 8.00016 0 0 0 8.00016 0 0 0 0 0 0 0 0 0 7.6962 0 
6.5558 1 6.55579 197473 22.6 599.8 -44.6003 9.07541 -3.27865 0 7.00015 0 0 0 7.00015 0 0 0 0 0 0 0 0 0 7.69632 0 
6.5562 1 6.55619 197412 13.6 666.8 -44.6003 9.58298 -3.89242 0 7.00013 0 0 0 6.00013 0 0 0 0 0 0 1 0 0 7.69623 0 
6.5566 1 6.55659 197426 1.59999 527.8 -47.6003 11.7231 -5.79872 0 5.00011 0 0 0 5.00011 0 0 0 0 0 0 0 0 0 7.69633 0 
6.557 1 6.55699 197439 6.59999 534.8 -52.6003 10.3061 -4.39482 0 10.0002 0 0 0 9.00018 0 0 0 0 0 0 0 0 1.00001 7.69638 0 
6.5574 1 6.55739 197443 21.6 695.8 -46.6003 9.12051 -3.47237 0 7.00014 0 0 0 7.00014 0 0 0 0 0 0 0 0 0 7.69645 0 
6.5578 1 6.55779 197430 7.59999 557.8 -46.6003 10.165 -4.29585 0 10.0002 0 0 0 9.00018 0 0 0 0 0 1 0 0 0 0.00396269 0 
6.5582 1 6.55819 197430 -3.40001 414.8 -47.6003 0 0 0 14.0002 0 0 0 8.00017 0 0 0 0 0 6 0 0 0 0.00396269 0 
6.5586 1 6.55859 197412 -1.40001 509.8 -52.6003 0 0 0 14.0001 0 0 0 8.00013 0 0 0 0 0 6 0 0 0 0.0037771 0 
6.559 1 6.55899 197404 6.59999 599.8 -44.6003 10.3059 -4.50953 0 15.0002 0 0 0 7.00014 0 0 0 0 1.00007 6 0 0 1.00001 0.0037771 0 
6.5594 1 6.55939 197455 8.59999 625.8 -45.6003 10.0415 -4.28727 0 11.0001 0 0 0 6.00013 0 0 0 0 0 5 0 0 0 0.00379384 0 
6.5598 1 6.55979 197426 23.6 744.8 -45.6003 9.03187 -3.45187 0 8.00012 0 0 0 6.00012 0 0 0 0 0 2 0 0 0 0.00379384 0 
6.5602 1 6.56019 197417 23.6 765.8 -45.6003 9.03183 -3.47967 0 14.0001 0 0 0 4.00009 0 0 0 0 0 10 0 0 0 0.00391175 0 
6.5606 1 6.56059 197444 12.6 616.8 -43.6003 9.65951 -3.89085 0 14.0001 0 0 0 6.00012 0 1.00001 0 0 0 7 0 0 0 0.00391175 0 
6.561 1 6.56099 197426 74.6 674.8 -42.6003 7.88098 -2.20228 0 11.0002 0 0 0 8.00016 0 0 0 0 0 3 0 0 0 0.00386547 0 
6.5614 1 6.56139 197442 44.6 475.8 -44.6003 8.39546 -2.36726 0 14.0001 0 0 0 7.00013 0 0 0 0 0 6 0 0 1.00001 0.00377403 0 
6.5618 1 6.56179 197438 37.6 396.8 -38.6003 8.56617 -2.35643 0 13.0002 0 0 0 10.0002 0 0 0 0 0 3 0 0 0 6.68124 0 
6.5622 1 6.56219 197422 62.6 555.8 -40.6003 8.05633 -2.18364 0 9.00009 0 0 0 4.00009 0 0 0 0 0 5 0 0 0 7.69513 0 
6.5626 1 6.56259 197469 65.6 543.8 -41.6003 8.00976 -2.11501 0 15.0002 0 0 0 12.0002 0 0 0 0 0 3 0 0 0 7.69514 0 
6.563 1 6.56299 197421 56.6 525.8 -41.6003 8.15708 -2.22891 0 18.0002 0 0 0 8.00017 0 0 0 0 0 9 0 0 1 7.69514 0 
6.5634 1 6.56339 197453 64.6 567.8 -34.6003 8.02504 -2.17355 0 12.0001 0 0 0 6.00013 0 0 0 0 0 6 0 0 0 7.69531 0 
6.5638 1 6.56379 197471 97.6 714.8 -32.6003 7.61247 -1.99113 0 22.0003 0 0 0 14.0003 0 0 0 0 0 7 0 0 1.00001 7.69525 0 
6.5642 1 6.56419 197495 64.6 638.8 -29.6003 8.02525 -2.29138 0 12.0002 0 0 0 9.00018 0 0 0 0 0 2 0 0 1.00001 7.69525 0 
6.5646 1 6.56459 197461 69.6 699.8 -31.6003 7.95053 -2.30803 0 12.0001 0 0 0 7.00014 0 0 0 0 0 5 0 0 0 7.69511 0 
6.565 1 6.56499 197449 75.6 722.8 -23.6003 7.86778 -2.25768 0 7 0 0 0 0 0 0 0 0 0 7 0 0 0 0.984677 0 
6.5654 1 6.56539 197481 38.6 459.8 -24.6003 8.54014 -2.47754 0 9.00021 0 0 0 7.00014 0 0 0 0 1.00007 1 0 0 0 0.00398731 0 
6.5658 1 6.56579 197411 51.6 536.8 -24.6003 8.24952 -2.3421 0 14.0001 0 0 0 7.00015 0 0 0 0 0 7 0 0 0 0.00381749 0 
6.5662 1 6.56619 197459 48.6 490.8 -26.6003 8.30966 -2.31241 0 12.0002 0 0 0 9.00018 0 0 0 0 0 3 0 0 0 0.00381749 0 
6.5666 1 6.56659 197441 54.6 567.8 -21.6003 8.19316 -2.34174 0 10.0001 0 0 0 6.00013 0 0 0 0 0 4 0 0 0 0.00381183 0 
6.567 1 6.56699 197450 79.6 730.8 -17.6003 7.81622 -2.21713 0 15.0001 0 0 0 7.00014 0 0 0 0 0 8 0 0 0 0.00400963 0 
6.5674 1 6.56739 197449 69.6 671.8 -16.6003 7.95047 -2.2672 0 15.0002 0 0 0 10.0002 0 0 0 0 0 5 0 0 0 0.00385548 0 
6.5678 1 6.56779 197447 66.6 662.8 -17.6003 7.99452 -2.29777 0 13.0002 0 0 0 8.00017 0 0 0 0 0 5 0 0 0 0.00399319 0 
6.5682 1 6.56819 197464 46.6 580.8 -18.6003 8.35171 -2.52281 0 9.00012 0 0 0 6.00012 0 0 0 0 0 3 0 0 0 0.00386769 0 
6.5686 1 6.56859 197448 58.6 618.8 -9.60029 8.12249 -2.35705 0 9.00011 0 0 0 5.00011 0 0 0 0 0 4 0 0 0 0.00408932 0 
6.569 1 6.56899 197430 76.6 757.8 -5.60029 7.85454 -2.29182 0 17.0002 0 0 0 9.00018 0 0 0 0 0 7 0 0 1.00001 0.00408932 0 
6.5694 1 6.56939 197441 20.6 570.8 -14.6003 9.1679 -3.32175 0 12.0002 0 0 0 7.00014 0 0 0 0 0 4 0 0 1.00001 0.00379633 0 
6.5698 1 6.56979 197439 37.6 644.8 -31.6003 8.56618 -2.84194 0 8.0001 0 0 0 6.0001 0 0 0 0 0 2 0 0 0 0.00393334 0 
6.5702 1 6.57019 197497 16.6 549.8 -16.6003 9.38407 -3.50015 0 15.0004 0 0 0 10.0002 0 0 0 0 0 5.00016 0 0 0 0.00396449 0 
6.5706 1 6.57059 197476 19.6 526.8 -18.6003 9.21784 -3.29129 0 10.0002 0 0 0 9.00017 0 0 0 0 0 1 0 0 0 0.00396449 0 
6.571 1 6.57099 197435 32.6 676.8 -23.6003 8.70885 -3.03306 0 5.00007 0 0 0 3.00007 0 0 0 0 0 2 0 0 0 0.00393905 0 
6.5714 1 6.57139 197438 30.6 694.8 -24.6003 8.77218 -3.12262 0 11.0001 0 0 0 5.00011 0 0 0 0 0 6 0 0 0 0.00393905 0 
6.5718 1 6.57179 197417 17.6 656.8 -27.6003 9.32517 -3.61948 0 19.0002 0 0 0 9.00018 0 0 0 0 0 9 0 0 1.00001 0.00373709 0 
6.5722 1 6.57219 197487 10.6 512.8 -41.6003 9.83257 -3.87903 0 15.0001 0 0 0 7.00015 0 0 0 0 0 8 0 0 0 0.00388605 0 
6.5726 1 6.57259 197469 11.6 521.8 -41.6003 9.74233 -3.80628 0 13.0001 0 0 0 7.00015 0 0 0 0 0 5 0 0 1 0.0039021 0 
6.573 1 6.57299 197446 39.6 738.8 -42.6003 8.51439 -2.9262 0 15.0002 0 0 0 10.0002 0 1.00001 0 0 0 4 0 0 0 0.0039021 0 
6.5734 1 6.57339 197451 11.6 547.8 -43.6003 9.74224 -3.85491 0 11.0001 0 0 0 6.00013 0 0 0 0 0 5 0 0 0 0.00404665 0 
6.5738 1 6.57379 197470 21.6 596.8 -42.6003 9.12065 -3.31889 0 8.00009 0 0 0 5.00009 0 0 0 0 0 3 0 0 0 0.00404665 0 
6.5742 1 6.57419 197505 9.59999 513.8 -25.6003 9.93176 -3.98007 0 13.0001 0 0 0 7.00015 0 0 0 0 0 6 0 0 0 0.00366036 0 
6.5746 1 6.57459 197471 8.59999 480.8 -14.6003 10.0416 -4.02369 0 12.0002 0 0 0 11.0002 0 0 0 0 0 1 0 0 0 0.00366036 0 
6.575 1 6.57499 197476 27.6 675.8 -11.6003 8.87555 -3.19808 0 6.00007 0 0 0 3.00007 0 0 0 0 0 3 0 0 0 0.00378241 0 
6.5754 1 6.57539 197452 26.6 698.8 -50.6003 8.91234 -3.26845 0 14.0001 0 0 0 6.00012 0 0 0 0 0 8 0 0 0 0.00376556 0 
6.5758 1 6.57579 197456 19.6 655.8 -37.6003 9.21774 -3.51033 0 9.00009 0 0 0 4.00008 0 0 0 0 0 4 0 0 1.00001 0.00376556 0 
6.5762 1 6.57619 197432 9.59999 536.8 -27.6003 9.93139 -4.02386 0 24.0003 0 0 0 13.0002 1.00003 0 0 0 0 10 0 0 0 0.0038523 0 
6.5766 1 6.57659 197510 22.6 662.8 -31.6003 9.07559 -3.37852 0 12.0002 0 0 0 6.00013 0 0 0 0 1.00006 5 0 0 0 0.00391738 0 
6.577 1 6.57699 197449 41.6 796.8 -35.6003 8.46513 -2.9525 0 10.0001 0 0 0 6.00012 0 0 0 0 0 4 0 0 0 0.00399061 0 
6.5774 1 6.57739 197494 4.59999 521.8 -33.6003 10.6674 -4.73123 0 15.0002 0 0 0 10.0002 0 0 0 0 0 4 0 0 1 0.00377068 0 
6.5778 1 6.57779 197450 11.6 550.8 -31.6003 9.74223 -3.86037 0 13.0001 0 0 0 6.0001 0 0 0 0 0 6 0 0 1.00001 0.00381355 0 
6.5782 1 6.57819 197451 -0.400009 518.8 -30.6003 0 0 0 20.0002 0 0 0 10.0002 0 1.00001 0 0 0 9 0 0 0 0.00385345 0 
6.5786 1 6.57859 197465 2.59999 605.8 -30.6003 11.2378 -5.45104 0 9.00022 0 0 0 6.00013 0 0 0 0 0 3.0001 0 0 0 0.00379689 0 
6.579 1 6.57899 197429 14.6 700.8 -31.6003 9.51211 -3.8712 0 9.00014 0 0 0 7.00014 0 0 0 0 0 2 0 0 0 0.00439031 0 
6.5794 1 6.57939 197473 9.59999 642.8 -28.6003 9.93159 -4.20407 0 8.00009 0 0 0 4.00009 0 0 0 0 0 4 0 0 0 0.00370519 0 
6.5798 1 6.57979 197488 21.6 749.8 -29.6003 9.12074 -3.54711 0 9.00004 0 0 0 2.00004 0 0 0 0 0 7 0 0 0 0.00380518 0 
6.5802 1 6.58019 197458 7.59999 655.8 -30.6003 10.1651 -4.45771 0 12.0002 0 0 0 8.00015 0 0 0 0 0 3 0 0 1 0.00391589 0 
6.5806 1 6.58059 197405 10.6 715.8 -28.6003 9.83216 -4.21255 0 11.0001 0 0 0 7.00015 0 0 0 0 0 4 0 0 0 0.00391589 0 
6.581 1 6.58099 197455 -9.40001 511.8 -43.6003 0 0 0 13.0002 0 0 0 8.00016 1.00003 0 0 0 0 4 0 0 0 0.0039727 0 
6.5814 1 6.58139 197485 -7.40001 498.8 -44.6003 0 0 0 13.0002 0 0 0 8.00016 0 0 0 0 0 5 0 0 0 0.00406777 0 
6.5818 1 6.58179 197490 -4.40001 501.8 -42.6003 0 0 0 17.0002 0 0 0 10.0002 0 0 0 0 0 7 0 0 0 0.00394113 0 
6.5822 1 6.58219 197452 -0.400009 575.8 -45.6003 0 0 0 12.0002 0 0 0 8.00016 0 0 0 0 0 4 0 0 0 0.00394113 0 
6.5826 1 6.58259 197533 3.59999 613.8 -42.6003 10.9127 -5.13874 0 17.0002 0 0 0 9.00018 0 0 0 0 0 7 0 0 1.00001 0.00390893 0 
6.583 1 6.58299 197442 17.6 750.8 -54.6003 9.3253 -3.75324 0 13.0003 0 0 0 8.00017 0 0 0 0 0 5.00016 0 0 0 0.00420482 0 
6.5834 1 6.58339 197482 3.59999 674.8 -67.6003 10.9125 -5.23348 0 9.00006 0 0 0 3.00007 0 0 0 0 0 6 0 0 0 0.00420482 0 
6.5838 1 6.58379 197435 15.6 810.8 -52.6003 9.44589 -3.95075 0 17.0002 0 0 0 10.0002 0 0 0 0 0 6 0 0 1.00001 0.00426045 0 
6.5842 1 6.58419 197454 26.6 772.8 -75.6003 8.91235 -3.36911 0 9.00011 0 0 0 5.00011 0 0 0 0 0 4 0 0 0 0.00400116 0 
6.5846 1 6.58459 197471 2.59999 638.8 -80.6003 11.2378 -5.50408 0 5.00004 0 0 0 2.00004 0 0 0 0 0 3 0 0 0 0.00373739 0 
6.585 1 6.58499 197458 1.59999 574.8 -53.6003 11.7233 -5.88402 0 12.0002 0 0 0 9.00018 0 0 0 0 0 3 0 0 0 0.00379499 0 
6.5854 1 6.58539 197450 -0.400009 576.8 -52.6003 0 0 0 16.0002 0 0 0 10.0002 0 0 0 0 0 6 0 0 0 0.00403487 0 
6.5858 1 6.58579 197473 1.59999 617.8 -53.6003 11.7234 -5.95617 0 12.0002 0 0 0 10.0002 0 0 0 0 0 2 0 0 0 0.00408886 0 
6.5862 1 6.58619 197477 -5.40001 455.8 -53.6003 0 0 0 17.0002 0 0 0 9.00018 0 0 0 0 0 8 0 0 0 0.00395165 0 
6.5866 1 6.58659 197449 1.59999 583.8 -52.6003 11.7232 -5.89956 0 11.0001 0 0 0 5.00011 0 0 0 0 0 6 0 0 0 0.00381355 0 
6.587 1 6.58699 197477 -0.400009 564.8 -61.6003 0 0 0 13.0003 0 0 0 8.00013 0 0 0 0 0 4.00014 0 0 1.00001 0.00389228 0 
6.5874 1 6.58739 197470 7.59999 680.8 -72.6003 10.1652 -4.49512 0 8.00009 0 0 0 4.00009 0 0 0 0 0 4 0 0 0 0.0041324 0 
6.5878 1 6.58779 197446 13.6 680.8 -71.6003 9.58315 -3.9132 0 10.0001 0 0 0 5.00011 1.00003 0 0 0 0 4 0 0 0 0.00403499 0 
6.5882 1 6.58819 197407 14.6 706.8 -58.6003 9.512 -3.87973 0 15.0002 0 0 0 7.00014 0 1.00001 0 0 0 7 0 0 0 0.00397394 0 
6.5886 1 6.58859 197456 6.59999 663.8 -57.6003 10.3062 -4.61091 0 10.0001 0 0 0 7.00015 0 0 0 0 0 3 0 0 0 0.00403106 0 
6.589 1 6.58899 197495 18.6 713.8 -57.6003 9.27031 -3.64744 0 15.0002 0 0 0 10.0002 0 0 0 0 0 5 0 0 0 0.00402424 0 
6.59 1 6.58999 197488 24.6 779.8 -56.6003 8.99069 -3.45629 0 14.0002 0 0 0 10.0002 0 0 0 0 0 4 0 0 0 0.00402424 0 
6.591 1 6.59099 197407 4.59999 606.8 -54.6003 10.667 -4.88214 0 10.0001 0 0 0 7.00013 0 0 0 0 0 2 0 0 1.00001 0.00363942 0 
6.592 1 6.59199 197437 -5.40001 520.8 -55.6003 0 0 0 9.00013 0 0 0 6.00013 0 0 0 0 0 3 0 0 0 0.00389432 0 
6.593 1 6.59299 197379 -1.40001 505.8 -54.6003 0 0 0 16.0002 0 0 0 9.00018 0 0 0 0 0 7 0 0 0 0.00397095 0 
6.594 1 6.59399 197441 10.6 631.8 -53.6003 9.83234 -4.08772 0 8.0002 0 0 0 6.00013 0 0 0 0 0 2.00007 0 0 0 0.00398056 0 
6.595 1 6.59499 197436 11.6 587.8 -51.6003 9.74216 -3.92538 0 9.00012 0 0 0 6.00012 0 0 0 0 0 3 0 0 0 0.00395078 0 
6.596 1 6.59599 197414 25.6 768.8 -51.6003 8.95046 -3.40224 0 12.0002 0 0 0 8.00016 0 0 0 0 0 4 0 0 0 0.00395078 0 
6.597 1 6.59699 197423 20.6 720.8 -46.6003 9.16781 -3.55507 0 16.0002 1.00002 0 0 10.0002 0 0 0 0 0 5 0 0 0 0.00386681 0 
6.598 1 6.59799 197434 10.6 661.8 -49.6003 9.8323 -4.13411 0 9.00011 0 0 0 5.00011 0 0 0 0 0 4 0 0 0 0.00391252 0 
6.599 1 6.59899 197396 6.59999 558.8 -47.6003 10.3059 -4.43872 0 8.00012 0 0 0 6.00012 0 0 0 0 0 2 0 0 0 0.00408807 0 
6.6 1 6.59999 197392 0.599991 503.8 -48.6003 12.7038 -6.73302 0 13.0002 0 0 0 10.0002 0 0 0 0 0 2 0 0 1 0.00392366 0 
6.601 1 6.60099 197425 30.6 766.8 -45.6003 8.77211 -3.22123 0 11.0001 0 0 0 5.00011 0 0 0 0 0 5 0 0 1 0.00389943 0 
6.602 1 6.60199 197357 10.6 567.8 -43.6003 9.83191 -3.98092 0 19.0002 0 0 0 13.0002 0 0 0 0 0 6 0 0 0 0.00389943 0 
6.603 1 6.60299 197436 -0.400009 463.8 -43.6003 0 0 0 8.00013 0 0 0 7.00013 0 0 0 0 0 1 0 0 0 0.00375594 0 
6.604 1 6.60399 197394 0.599991 498.8 -42.6003 12.7038 -6.72305 0 13.0002 0 0 0 10.0002 0 0 0 0 0 3 0 0 0 0.00376497 0 
6.605 1 6.60499 197420 16.6 684.8 -24.6003 9.38368 -3.71972 0 12.0001 0 0 0 6.00012 0 0 0 0 0 6 0 0 0 7.69512 0 
6.606 1 6.60599 197377 6.59999 571.8 -27.6003 10.3058 -4.46172 0 13.0001 0 0 0 7.00014 0 0 0 0 0 5 0 0 1.00001 7.69533 0 
6.607 1 6.60699 197456 1.59999 540.8 -28.6003 11.7233 -5.82305 0 12.0002 0 0 0 9.00018 0 0 0 0 0 3 0 0 0 7.6954 0 
6.608 1 6.60799 197412 21.6 702.8 -30.6003 9.12035 -3.48238 0 16.0002 0 0 0 8.00015 0 0 0 0 0 8 0 0 0 7.6954 0 
6.609 1 6.60899 197438 6.59999 528.8 -44.6003 10.3061 -4.38354 0 16.0001 0 0 0 7.00015 0 0 0 0 0 9 0 0 0 7.69524 0 
6.61 1 6.60999 197411 15.6 636.8 -46.6003 9.44577 -3.70919 0 13.0001 0 0 0 6.00013 0 0 0 0 0 5 0 0 2.00002 7.6953 0 
6.611 1 6.61099 197444 3.59999 635.8 -50.6003 10.9123 -5.17395 0 14.0002 0 0 0 9.0002 0 0 0 0 0 5 0 0 0 7.69524 0 
6.612 1 6.61199 197416 -2.40001 622.8 -49.6003 0 0 0 18.2412 0 0 0 10.0002 0 1.00001 0 0 0 7.24098 0 0 0 4.41521 0 
6.613 1 6.61299 197431 -2.40001 592.8 -49.6003 0 0 0 11.0002 0 0 0 10.0002 0 0 0 0 0 1 0 0 0 0.00375903 0 
6.614 1 6.61399 197516 16.6 851.8 -51.6003 9.38417 -3.93795 0 18.0002 0 0 0 8.00016 0 0 0 0 0 8 1 0 1 0.00395519 0 
6.615 1 6.61499 197366 4.59999 716.8 -61.6003 10.6668 -5.04874 0 11.0001 0 0 0 7.00015 0 0 0 0 0 4 0 0 0 0.00395519 0 
6.616 1 6.61599 197403 -7.40001 584.8 -75.6003 0 0 0 10.0001 0 0 0 4.00008 0 0 0 0 0 6 0 0 0 0.00390574 0 
6.617 1 6.61699 197407 0.599991 679.8 -58.6003 12.7039 -7.03264 0 15.0001 0 0 0 6.00013 0 0 0 0 0 9 0 0 0 0.00380923 0 
6.618 1 6.61799 197457 -6.40001 627.8 -37.6003 0 0 0 9.00015 0 0 0 6.00011 1.00004 0 0 0 0 2 0 0 0 0.0039494 0 
6.619 1 6.61899 197375 0.599991 654.8 -59.6003 12.7037 -6.99517 0 12.0002 0 0 0 9.00016 0 0 0 0 0 3 0 0 0 0.00405749 0 
6.62 1 6.61999 197390 -7.40001 600.8 -44.6003 0 0 0 11.0002 0 0 0 9.00015 0 0 0 0 0 2 0 0 0 0.00401114 0 
6.621 1 6.62099 197402 -15.4 482.8 -48.6003 0 0 0 11.0003 0 0 0 6.00012 0 0 0 0 0 4.00013 0 0 1.00001 0.00401114 0 
6.622 1 6.62199 197462 -3.40001 692.8 -56.6003 0 0 0 11.0001 0 0 0 6.0001 0 0 0 0 0 5 0 0 0 0.00413527 0 
6.623 1 6.62299 197413 -9.40001 569.8 -44.6003 0 0 0 13.0002 0 0 0 9.00018 0 0 0 0 0 4 0 0 0 5.57784 0 
6.624 1 6.62399 197438 -4.40001 525.8 -46.6003 0 0 0 12.0004 0 0 0 7.00015 0 0 0 1.00024 0 4 0 0 0 7.69521 0 
6.625 1 6.62499 197465 5.59999 689.8 -48.6003 10.4705 -4.81364 0 11.0002 0 0 0 9.00019 0 0 0 0 0 2 0 0 0 7.69524 0 
6.626 1 6.62599 197436 -4.40001 715.8 -48.6003 0 0 0 9.00011 0 0 0 5.00011 0 0 0 0 0 4 0 0 0 0.00403262 0 
6.627 1 6.62699 197451 -6.40001 625.8 -29.6003 0 0 0 11.0001 0 0 0 5.00011 0 1.00001 0 0 0 5 0 0 0 0.00403262 0 
6.628 1 6.62799 197367 2.59999 724.8 -27.6003 11.2373 -5.63039 0 15.0002 0 0 0 11.0002 0 0 0 0 0 4 0 0 0 0.00404212 0 
6.629 1 6.62899 197412 -2.40001 686.8 -28.6003 0 0 0 10.0002 0 0 0 9.00018 0 0 0 0 0 1 0 0 0 0.0038047 0 
6.63 1 6.62999 197434 -13.4 586.8 -29.6003 0 0 0 8.00008 0 0 0 4.00009 0 0 0 0 0 4 0 0 0 0.0039194 0 
6.631 1 6.63099 197421 8.59999 847.8 -33.6003 10.0413 -4.59088 0 12.0002 0 0 0 9.00015 0 0 0 0 0 3 0 0 0 0.0039496 0 
6.632 1 6.63199 197408 2.59999 744.8 -30.6003 11.2375 -5.65761 0 12.0001 0 0 0 7.00015 0 0 0 0 0 5 0 0 0 0.00401077 0 
6.633 1 6.63299 197475 -9.40001 613.8 -32.6003 0 0 0 14.0002 0 0 0 8.00017 0 0 0 0 0 6 0 0 0 0.00401077 0 
6.634 1 6.63399 197403 -14.4 501.8 -33.6003 0 0 0 11.0002 0 0 0 9.00018 0 0 0 0 0 2 0 0 0 0.00410328 0 
6.635 1 6.63499 197428 -4.40001 702.8 -48.6003 0 0 0 11.0001 0 0 0 5.00011 0 1.00001 0 0 0 5 0 0 0 0.00405116 0 
6.636 1 6.63599 197414 -4.40001 733.8 -47.6003 0 0 0 13.0001 0 0 0 7.00014 0 0 0 0 0 6 0 0 0 0.00385825 0 
6.637 1 6.63699 197437 -2.40001 634.8 -45.6003 0 0 0 10.0001 0 0 0 6.00012 1.00003 0 0 0 0 2 0 0 1 0.00394432 0 
6.638 1 6.63799 197448 2.59999 671.8 -46.6003 11.2377 -5.55445 0 11.0001 0 0 0 7.00012 0 0 0 0 0 3 0 0 1 0.00394432 0 
6.639 1 6.63899 197398 -6.40001 630.8 -46.6003 0 0 0 12.0002 0 0 0 8.00016 0 0 0 0 0 4 0 0 0 0.00366536 0 
6.64 1 6.63999 197418 -10.4 562.8 -44.6003 0 0 0 12.0001 0 0 0 7.00015 0 0 0 0 0 5 0 0 0 0.00384622 0 
6.641 1 6.64099 197411 0.599991 636.8 -54.6003 12.7039 -6.9673 0 11.0001 0 0 0 7.00014 0 0 0 0 0 3 0 0 1.00001 0.00402509 0 
6.642 1 6.64199 197385 11.6 798.8 -50.6003 9.74191 -4.23211 0 10.0001 0 0 0 5.00011 0 0 0 0 0 5 0 0 0 0.00387232 0 
6.643 1 6.64299 197452 -9.40001 554.8 -56.6003 0 0 0 15.0001 0 0 0 6.0001 0 0 0 0 0 9 0 0 0 0.00410653 0 
6.644 1 6.64399 197412 6.59999 703.8 -54.6003 10.306 -4.66943 0 12.0002 0 0 0 9.00017 1.00004 0 0 0 0 2 0 0 0 0.00401681 0 
6.645 1 6.64499 197420 -3.40001 672.8 -52.6003 0 0 0 9.00016 0 0 0 8.00016 0 0 0 0 0 1 0 0 0 0.00401681 0 
6.646 1 6.64599 197410 -7.40001 626.8 -54.6003 0 0 0 12.0001 0 0 0 8.00013 0 0 0 0 0 4 0 0 0 0.00381768 0 
6.647 1 6.64699 197458 -26.4 492.8 -51.6003 0 0 0 8.0001 0 0 0 3.00007 1.00003 0 0 0 0 4 0 0 0 0.00388287 0 
6.648 1 6.64799 197400 -17.4 730.8 -54.6003 0 0 0 8.00013 0 0 0 6.00013 0 0 0 0 0 2 0 0 0 0.00386305 0 
6.649 1 6.64899 197458 -24.4 535.8 -44.6003 0 0 0 10.0001 0 0 0 5.0001 0 0 0 0 0 5 0 0 0 0.00389924 0 
6.65 1 6.64999 197450 0.599991 619.8 -72.6003 12.7041 -6.94024 0 5.00009 0 0 0 4.00009 0 0 0 0 0 1 0 0 0 0.00389924 0 
6.651 1 6.65099 197431 -4.40001 530.8 -72.6003 0 0 0 12.0002 0 0 0 9.00019 0 0 0 0 0 3 0 0 0 0.00381296 0 
6.652 1 6.65199 197396 5.59999 688.8 -90.6003 10.4702 -4.81219 0 5.00008 0 0 0 4.00008 0 0 0 0 0 1 0 0 0 0.0037466 0 
6.653 1 6.65299 197429 -7.40001 497.8 -98.6003 0 0 0 13.0002 0 0 0 10.0002 0 0 0 0 0 3 0 0 0 0.00405326 0 
6.654 1 6.65399 197489 -4.40001 669.8 -38.6003 0 0 0 16.0002 0 0 0 10.0002 0 0 1.00002 0 0 5 0 0 0 0.00405924 0 
6.655 1 6.65499 197432 5.59999 732.8 -30.6003 10.4704 -4.87411 0 10.0001 0 0 0 6.00013 0 0 0 0 0 4 0 0 0 0.00398374 0 
6.656 1 6.65599 197433 5.59999 697.8 -11.6003 10.4704 -4.82517 0 5.0001 0 0 0 5.0001 0 0 0 0 0 0 0 0 0 0.00409934 0 
6.657 1 6.65699 197421 10.6 736.8 -11.6003 9.83224 -4.24146 0 11.0001 0 0 0 7.00014 0 0 0 0 0 4 0 0 0 0.00409934 0 
6.658 1 6.65799 197463 0.599991 666.8 -13.6003 12.7041 -7.01333 0 11.0001 0 0 0 5.00011 0 0 0 0 0 6 0 0 0 0.00396519 0 
6.659 1 6.65899 197433 -2.40001 561.8 -9.60029 0 0 0 14.0002 0 0 0 10.0002 0 0 0 0 0 4 0 0 0 0.00380872 0 
6.66 1 6.65999 197368 -4.40001 517.8 -29.6003 0 0 0 12.0001 0 0 0 8.00013 0 1.00001 0 0 0 3 0 0 0 0.00406113 0 
6.661 1 6.66099 197408 -2.40001 676.8 -28.6003 0 0 0 12.0002 0 0 0 8.00016 0 0 0 0 0 4 0 0 0 0.00383287 0 
6.662 1 6.66199 197407 -3.40001 569.8 -24.6003 0 0 0 13.0002 0 0 0 8.00016 0 0 0 0 0 5 0 0 0 0.00371807 0 
6.663 1 6.66299 197411 -0.400009 627.8 -22.6003 0 0 0 11.0001 0 0 0 6.00012 0 0 0 0 0 5 0 0 0 0.00371807 0 
6.664 1 6.66399 197410 2.59999 699.8 -21.6003 11.2375 -5.59529 0 14.0002 0 0 0 8.00016 0 0 0 0 0 6 0 0 0 0.00378289 0 
6.665 1 6.66499 197433 -0.400009 638.8 -22.6003 0 0 0 17.0001 0 0 0 7.00015 0 0 0 0 0 10 0 0 0 0.00382797 0 
6.666 1 6.66599 197418 -1.40001 587.8 -22.6003 0 0 0 12.0001 0 0 0 6.00012 0 0 0 0 0 6 0 0 0 0.00383576 0 
6.667 1 6.66699 197416 8.59999 743.8 -28.6003 10.0413 -4.46001 0 14.0002 1.00002 0 0 8.00017 0 0 0 0 0 4 0 0 1.00001 0.00369313 0 
6.668 1 6.66799 197454 3.59999 604.8 -32.6003 10.9123 -5.12397 0 11.0001 0 0 0 7.00014 0 0 0 0 0 4 0 0 0 0.00387432 0 
6.669 1 6.66899 197432 30.6 713.8 -29.6003 8.77215 -3.1496 0 16.0002 0 0 0 10.0002 0 0 0 0 0 6 0 0 0 0.00387432 0 
6.67 1 6.66999 197442 42.6 736.8 -36.6003 8.44134 -2.85046 0 13.0003 0 0 0 9.00018 0 0 0 0 0 4.00013 0 0 0 0.00373575 0 
6.671 1 6.67099 197398 20.6 595.8 -34.6003 9.16768 -3.36461 0 15.0002 0 0 0 9.00018 0 0 0 0 0 5 0 0 1.00001 0.00415201 0 
6.672 1 6.67199 197429 25.6 603.8 -40.6003 8.95054 -3.16065 0 12.0001 0 0 0 6.00012 0 0 0 0 0 6 0 0 0 0.00388164 0 
6.673 1 6.67299 197380 36.6 730.8 -39.6003 8.59284 -2.99409 0 13.0002 0 0 0 8.00016 0 0 0 0 0 5 0 0 0 0.00378018 0 
6.674 1 6.67399 197474 29.6 575.8 -40.6003 8.80559 -2.96799 0 10.0001 0 0 0 7.00014 0 0 0 0 0 3 0 0 0 0.00409652 0 
6.675 1 6.67499 197403 38.6 615.8 -38.6003 8.53975 -2.76967 0 6.00008 0 0 0 4.00009 0 0 0 0 0 2 0 0 0 0.00373844 0 
6.676 1 6.67599 197414 30.6 598.8 -37.6003 8.77206 -2.97393 0 15.0002 0 0 0 10.0002 0 0 0 0 0 5 0 0 0 0.00376824 0 
6.677 1 6.67699 197437 22.6 554.8 -37.6003 9.07522 -3.20066 0 12.0001 0 0 0 7.00014 0 0 0 0 0 5 0 0 0 0.00366278 0 
6.678 1 6.67799 197434 14.6 482.8 -37.6003 9.51214 -3.49858 0 13.0002 0 0 0 9.00018 0 0 0 0 0 4 0 0 0 0.00391423 0 
6.679 1 6.67899 197487 11.6 618.8 -38.6003 9.74242 -3.97678 0 13.0001 0 0 0 7.00015 0 0 0 0 0 6 0 0 0 0.00391423 0 
6.68 1 6.67999 197442 3.59999 517.8 -28.6003 10.9123 -4.96866 0 12.0001 0 0 0 7.00015 0 0 0 0 0 5 0 0 0 0.00388653 0 
6.681 1 6.68099 197467 33.6 698.8 -22.6003 8.6788 -3.03484 0 7.00006 0 0 0 3.00007 0 0 0 0 0 4 0 0 0 0.00398193 0 
6.682 1 6.68199 197483 23.6 627.8 -25.6003 9.03216 -3.28098 0 19.0002 0 0 0 10.0002 0 1.00001 0 0 0 8 0 0 0 0.00371507 0 
6.683 1 6.68299 197388 36.6 659.8 -24.6003 8.59288 -2.89189 0 13.0002 0 0 0 10.0002 0 0 0 0 0 3 0 0 0 0.00377499 0 
6.684 1 6.68399 197443 25.6 648.8 -20.6003 8.95061 -3.23253 0 8.00006 0 0 0 3.00007 0 0 0 0 0 5 0 0 0 0.00377499 0 
6.685 1 6.68499 197405 32.6 680.8 -54.6003 8.7087 -3.03896 0 12.0002 0 0 0 8.00017 0 0 0 0 0 4 0 0 0 0.00383759 0 
6.686 1 6.68599 197450 11.6 438.8 -54.6003 9.74223 -3.63304 0 15.0002 0 0 0 9.00018 0 0 0 0 0 6 0 0 0 0.00395374 0 
6.687 1 6.68699 197366 19.6 526.8 -51.6003 9.21728 -3.29129 0 15.0001 0 0 0 8.00013 0 0 0 0 0 7 0 0 0 0.00382904 0 
6.688 1 6.68799 197447 36.6 667.8 -53.6003 8.59318 -2.90394 0 9.00014 0 0 0 6.00014 0 0 0 0 0 3 0 0 0 0.00383 0 
6.689 1 6.68899 197326 22.6 568.8 -53.6003 9.07466 -3.22558 0 12.0003 0 0 0 5.0001 1.00003 0 0 0 0 6.0002 0 0 0 0.00380622 0 
6.69 1 6.68999 197469 4.59999 713.8 -32.6003 10.6673 -5.04455 0 16.0002 0 0 0 12.0002 0 0 0 0 0 4 0 0 0 0.00380622 0 
6.691 1 6.69099 197536 -10.4 506.8 -33.6003 0 0 0 10.0001 0 0 0 5.00011 0 0 0 0 0 5 0 0 0 0.00392373 0 
6.692 1 6.69199 197432 -16.4 497.8 -48.6003 0 0 0 12.0004 0 0 1.00025 6.00012 0 0 0 0 0 5 0 0 0 0.00367883 0 
6.693 1 6.69299 197452 13.6 650.8 -49.6003 9.58318 -3.86813 0 14.0002 0 0 0 10.0002 0 0 0 0 0 3 0 0 1.00001 0.00374114 0 
6.694 1 6.69399 197403 34.6 612.8 -50.6003 8.64915 -2.87418 0 8.0001 0 0 0 5.00011 0 0 0 0 0 3 0 0 0 0.0039503 0 
6.695 1 6.69499 197427 65.6 800.8 -52.6003 8.00955 -2.50204 0 14.0002 0 0 0 9.00018 0 0 0 0 0 5 0 0 0 0.00375604 0 
6.696 1 6.69599 197445 47.6 800.8 -67.6003 8.33038 -2.82278 0 11.0001 0 0 0 6.00011 0 0 0 0 0 5 0 0 0 0.00400483 0 
6.697 1 6.69699 197447 13.6 529.8 -73.6003 9.58315 -3.66243 0 15.0001 0 0 0 5.00011 0 0 0 0 0 10 0 0 0 0.00400483 0 
6.698 1 6.69799 197446 22.6 589.8 -74.6003 9.07527 -3.26183 0 8.00009 0 0 0 4.00009 0 0 0 0 0 4 0 0 0 0.00397213 0 
6.699 1 6.69899 197434 25.6 598.8 -81.6003 8.95057 -3.15234 0 11.0002 0 0 0 8.00016 0 0 0 0 0 3 0 0 0 0.00388375 0 
6.7 1 6.69999 197424 9.59999 458.8 -76.6003 9.93134 -3.86685 0 13.0001 0 0 0 6.00012 0 0 0 0 0 5 0 0 2.00002 0.00384412 0 
6.701 1 6.70099 197417 35.6 648.8 -85.6003 8.62073 -2.90278 0 12.0001 0 0 0 5.00011 0 1.00001 0 0 0 6 0 0 0 0.0038166 0 
6.702 1 6.70199 197391 46.6 748.8 -88.6003 8.35134 -2.77687 0 13.0002 0 0 0 9.00017 0 0 0 0 0 4 0 0 0 0.003902 0 
6.703 1 6.70299 197464 41.6 665.8 -72.6003 8.46521 -2.77289 0 16.0002 0 0 0 11.0002 0 0 0 0 0 5 0 0 0 0.00367452 0 
6.704 1 6.70399 197418 43.6 661.8 -64.6003 8.41802 -2.71991 0 17.0003 0 0 0 12.0002 0 0 0 0 1.00006 4 0 0 0 0.00369721 0 
6.705 1 6.70499 197430 20.6 494.8 -65.6003 9.16785 -3.17886 0 9.00013 0 0 0 6.00013 0 0 0 0 0 3 0 0 0 0.00389684 0 
6.706 1 6.70599 197452 13.6 465.8 -85.6003 9.58318 -3.53369 0 19.0002 0 0 0 9.00018 0 0 0 0 0 10 0 0 0 0.00389684 0 
6.707 1 6.70699 197465 47.6 748.8 -61.6003 8.33048 -2.75564 0 8.00011 0 0 0 5.00011 0 0 0 0 0 3 0 0 0 0.00384334 0 
6.708 1 6.70799 197472 15.6 506.8 -66.6003 9.44608 -3.48085 0 12.0003 0 0 0 5.00011 0 0 0 0 0 6.00019 0 0 1.00001 0.00395817 0 
6.709 1 6.70899 197427 34.6 682.8 -82.6003 8.64927 -2.98235 0 11.0001 0 0 0 9.00014 0 0 0 0 0 2 0 0 0 0.00409412 0 
6.71 1 6.70999 197376 20.6 597.8 -85.6003 9.16757 -3.36797 0 14.0001 0 0 0 7.00014 0 0 0 0 0 7 0 0 0 0.0036846 0 
6.711 1 6.71099 197467 9.59999 440.8 -65.6003 9.93156 -3.82683 0 13.0002 0 0 0 8.00017 0 0 0 0 0 5 0 0 0 0.00368267 0 
6.712 1 6.71199 197407 20.6 603.8 -60.6003 9.16773 -3.37795 0 19.0002 0 0 0 7.00014 0 0 0 0 1.00008 10 0 0 1.00001 0.00402538 0 
6.713 1 6.71299 197453 25.6 634.8 -69.6003 8.95066 -3.21072 0 12.0001 0 0 0 6.00012 0 0 0 0 0 6 0 0 0 0.00392653 0 
6.714 1 6.71399 197442 23.6 544.8 -77.6003 9.03195 -3.13917 0 12.0002 0 0 0 7.00015 0 1.00001 0 0 0 4 0 0 0 0.00387798 0 
6.715 1 6.71499 197433 29.6 694.8 -51.6003 8.80538 -3.15585 0 12.0002 0 0 0 8.00016 0 0 0 0 0 4 0 0 0 0.00382247 0 
6.716 1 6.71599 197391 12.6 555.8 -47.6003 9.65924 -3.78671 0 8.00014 0 0 0 7.00014 0 0 0 0 0 1 0 0 0 0.00382231 0 
6.717 1 6.71699 197481 45.6 759.8 -48.6003 8.37349 -2.81315 0 17.0002 0 0 0 7.00015 0 1.00001 0 0 0 9 0 0 0 0.00378652 0 
6.718 1 6.71799 197412 34.6 718.8 -49.6003 8.64919 -3.03373 0 9.00015 0 0 0 7.00015 0 0 0 0 0 2 0 0 0 0.00378652 0 
6.719 1 6.71899 197439 -12.4 490.8 -48.6003 0 0 0 13.0001 0 0 0 5.00011 1.00003 0 0 0 0 7 0 0 0 0.00392664 0 
6.72 1 6.71999 197422 -7.40001 620.8 -51.6003 0 0 0 12.0001 0 0 0 7.00014 0 0 0 0 0 5 0 0 0 0.00391868 0 
6.721 1 6.72099 197434 35.6 673.8 -60.6003 8.62081 -2.94059 0 14.0002 0 0 0 8.00016 0 0 0 0 0 6 0 0 0 0.00395538 0 
6.722 1 6.72199 197397 10.6 517.8 -70.6003 9.83212 -3.88874 0 14.0001 0 0 0 7.00015 0 0 0 0 0 7 0 0 0 0.00396672 0 
6.723 1 6.72299 197424 34.6 647.8 -71.6003 8.64925 -2.92973 0 5.00006 0 0 0 3.00006 0 0 0 0 0 2 0 0 0 0.00391144 0 
6.724 1 6.72399 197408 14.6 509.8 -71.6003 9.51201 -3.553 0 13.0001 0 0 0 5.0001 0 0 0 0 0 8 0 0 0 0.00394452 0 
6.725 1 6.72499 197440 26.6 636.8 -64.6003 8.91228 -3.17554 0 5.00004 0 0 0 2.00004 0 0 0 0 0 3 0 0 0 0.00394452 0 
6.726 1 6.72599 197428 25.6 627.8 -67.6003 8.95054 -3.19963 0 9.00008 0 0 0 4.00008 0 0 0 0 0 5 0 0 0 0.00410356 0 
6.727 1 6.72699 197451 3.59999 379.8 -71.6003 10.9123 -4.65871 0 20.0003 0 0 0 13.0002 0 0 0 0 1.00009 6 0 0 0 0.0039147 0 
6.728 1 6.72799 197401 14.6 548.8 -67.6003 9.51197 -3.62671 0 10.0001 0 0 0 4.00007 0 0 0 0 0 6 0 0 0 0.00402105 0 
6.729 1 6.72899 197413 26.6 638.8 -67.6003 8.91214 -3.17868 0 15.0002 0 0 0 9.00018 0 0 0 0 0 5 0 0 1.00001 0.00380066 0 
6.73 1 6.72999 197428 5.59999 429.8 -68.6003 10.4704 -4.34055 0 11.0002 0 0 0 8.00017 0 0 0 0 0 3 0 0 0 0.00393825 0 
6.731 1 6.73099 197369 35.6 628.8 -67.6003 8.62048 -2.87147 0 14.0002 0 0 0 9.00018 0 0 0 0 0 5 0 0 0 0.00373094 0 
6.732 1 6.73199 197422 10.6 507.8 -70.6003 9.83224 -3.86923 0 9.17978 0 0 0 4.00009 0 0 0 0 0 5.17969 0 0 0 0.270547 0 
6.733 1 6.73299 197453 13.6 517.8 -68.6003 9.58318 -3.63952 0 14.0001 0 0 0 7.00015 0 0 0 0 0 7 0 0 0 0.0038177 0 
6.734 1 6.73399 197433 20.6 632.8 -78.6003 9.16786 -3.42486 0 18.0002 0 0 0 11.0002 0 0 0 0 0 7 0 0 0 0.0038177 0 
6.735 1 6.73499 197404 18.6 548.8 -84.6003 9.26984 -3.38457 0 11.0001 0 0 0 6.00011 0 0 0 0 0 5 0 0 0 0.00387789 0 
6.736 1 6.73599 197352 34.6 619.8 -90.6003 8.64889 -2.88554 0 13.0002 0 0 0 8.00017 0 0 0 0 0 5 0 0 0 0.00371296 0 
6.737 1 6.73699 197435 20.6 528.8 -93.6003 9.16787 -3.24532 0 10.0002 0 0 0 8.00017 0 0 0 0 0 2 0 0 0 0.00389873 0 
6.738 1 6.73799 197465 27.6 617.8 -87.6003 8.8755 -3.10835 0 10.0002 0 0 0 7.00015 0 0 0 0 0 2 0 0 1.00001 0.00382298 0 
6.739 1 6.73899 197407 26.6 609.8 -95.6003 8.91211 -3.13222 0 20.0003 0 0 0 14.0003 0 0 0 0 0 6 0 0 0 0.00384614 0 
6.74 1 6.73999 197424 34.6 639.8 -91.6003 8.64925 -2.9173 0 13.0002 0 0 0 10.0002 0 0 0 0 0 3 0 0 0 0.00385536 0 
6.741 1 6.74099 197420 16.6 479.8 -86.6003 9.38368 -3.36397 0 11.0001 0 0 0 4.00009 0 0 0 0 0 7 0 0 0 0.00407732 0 
6.742 1 6.74199 197437 17.6 499.8 -91.6003 9.32527 -3.34631 0 14.0002 0 0 0 10.0002 0 0 0 0 0 4 0 0 0 0.00379653 0 
6.743 1 6.74299 197405 34.6 625.8 -86.6003 8.64916 -2.89518 0 13.0001 0 0 0 7.00014 0 0 0 0 0 6 0 0 0 0.00372508 0 
6.744 1 6.74399 197395 50.6 773.8 -87.6003 8.26901 -2.72736 0 17.1401 0 0 0 7.00014 0 0 0 0 0 10.14 0 0 0 0.00377403 0 
6.745 1 6.74499 197426 16.6 486.8 -84.6003 9.38371 -3.37845 0 11.0001 0 0 0 6.00013 0 1.00001 0 0 0 4 0 0 0 0.109903 0 
6.746 1 6.74599 197388 15.6 508.8 -83.6003 9.44565 -3.48478 0 12.0001 0 0 0 5.00011 0 0 0 0 0 7 0 0 0 0.00375114 0 
6.747 1 6.74699 197418 20.6 494.8 -85.6003 9.16779 -3.17886 0 13.0001 0 0 0 6.0001 0 0 0 0 0 7 0 0 0 0.00396329 0 
6.748 1 6.74799 197433 9.59999 414.8 -83.6003 9.93139 -3.76603 0 14.0002 0 0 0 8.00017 0 0 0 0 0 6 0 0 0 0.00389633 0 
6.749 1 6.74899 197440 58.6 737.8 -84.6003 8.12245 -2.53294 0 4.00002 0 0 0 1.00002 0 0 0 0 0 3 0 0 0 0.00389633 0 
6.75 1 6.74999 197398 28.6 547.8 -80.6003 8.83957 -2.9525 0 15.0001 0 0 0 6.00013 0 0 0 0 0 9 0 0 0 0.00381461 0 
6.751 1 6.75099 197438 29.6 582.8 -80.6003 8.8054 -2.98007 0 13.0002 0 0 0 8.00017 0 0 0 0 0 5 0 0 0 0.00413712 0 
6.752 1 6.75199 197365 22.6 512.8 -78.6003 9.07486 -3.12194 0 13.0005 0 0 0 7.00015 0 0 0 0 0 5.0003 0 0 1.00001 0.00392614 0 
6.753 1 6.75299 197419 15.6 464.8 -81.6003 9.44581 -3.39434 0 11.0001 0 0 0 7.00015 0 0 0 0 0 4 0 0 0 0.00429132 0 
6.754 1 6.75399 197401 51.6 760.8 -96.6003 8.24947 -2.69085 0 6.00004 0 0 0 2.00004 0 0 0 0 0 4 0 0 0 0.00377335 0 
6.755 1 6.75499 197434 13.6 506.8 -81.6003 9.58309 -3.61805 0 11.0002 0 0 0 9.00017 0 0 0 0 0 2 0 0 0 0.00378099 0 
6.756 1 6.75599 197411 13.6 472.8 -81.6003 9.58297 -3.5486 0 10.0001 0 0 0 6.0001 0 0 0 0 0 4 0 0 0 0.0037903 0 
6.757 1 6.75699 197424 33.6 596.8 -88.6003 8.67858 -2.87706 0 14.0002 0 0 0 8.00015 0 0 0 0 0 6 0 0 0 0.00377013 0 
6.758 1 6.75799 197398 32.6 605.8 -66.6003 8.70866 -2.92224 0 13.0002 0 0 0 8.00017 0 0 0 0 0 5 0 0 0 0.00383038 0 
6.759 1 6.75899 197414 32.6 666.8 -67.6003 8.70874 -3.01818 0 13.0001 0 0 0 4.00009 0 0 0 0 0 9 0 0 0 0.00387238 0 
6.76 1 6.75999 197446 36.6 643.8 -69.6003 8.59317 -2.86734 0 12.0002 0 0 0 5.00011 0 0 0 0 1.00006 6 0 0 0 0.00379747 0 
6.761 1 6.76099 197433 25.6 560.8 -77.6003 8.95056 -3.08677 0 11.0001 0 0 0 4.00009 0 0 0 0 0 6 0 0 1.00001 0.00381374 0 
6.762 1 6.76199 197452 26.6 573.8 -72.6003 8.91234 -3.07137 0 9.00024 0 0 0 5.00011 0 0 0 0 0 4.00013 0 0 0 0.00381536 0 
6.763 1 6.76299 197428 13.6 469.8 -65.6003 9.58306 -3.54224 0 13.0001 0 0 0 6.00012 0 0 0 0 0 5 0 0 2.00002 0.00422491 0 
6.764 1 6.76399 197412 17.6 530.8 -68.6003 9.32515 -3.40649 0 6.00009 0 0 0 4.00009 0 0 0 0 0 2 0 0 0 0.00387539 0 
6.765 1 6.76499 197442 23.6 451.8 -67.6003 9.03195 -2.95199 0 15.0001 0 0 0 8.00013 0 0 0 0 0 7 0 0 0 0.00396086 0 
6.766 1 6.76599 197419 46.6 670.8 -65.6003 8.35148 -2.66687 0 7.00009 0 0 0 4.00009 0 0 0 0 0 3 0 0 0 0.00379597 0 
6.767 1 6.76699 197445 24.6 516.8 -63.6003 8.99047 -3.04491 0 16.0002 0 0 0 10.0002 0 0 0 0 0 6 0 0 0 0.00389874 0 
6.768 1 6.76799 197493 0.599991 435.8 -66.6003 12.7043 -6.58802 0 10.0001 0 0 0 5.00011 0 0 0 0 0 5 0 0 0 0.00375719 0 
6.769 1 6.76899 197308 4.59999 701.8 -66.6003 10.6665 -5.02759 0 15.0001 0 0 0 6.00012 0 0 0 0 0 8 0 0 1.00001 0.00371055 0 
6.77 1 6.76999 197130 -14.4 511.8 -65.6003 0 0 0 13.0002 0 0 0 7.00015 0 0 0 0 0 6 0 0 0 0.00384068 0 
6.771 1 6.77099 197986 -6.40001 574.8 -85.6003 0 0 0 8.00006 0 0 0 3.00006 0 0 0 0 0 5 0 0 0 0.00386077 0 
6.772 1 6.77199 197398 -7.40001 511.8 -92.6003 0 0 0 10.0003 0 0 0 6.00013 0 0 0 0 0 4.00013 0 0 0 0.00384392 0 
6.773 1 6.77299 197441 -6.40001 519.8 -92.6003 0 0 0 11.0002 0 0 0 8.00017 0 0 0 0 0 2 0 0 1.00001 0.00410948 0 
6.774 1 6.77399 197429 25.6 504.8 -67.6003 8.95054 -2.98157 0 13.0002 0 0 0 9.00018 0 0 0 0 0 3 0 0 1.00001 0.00406289 0 
6.775 1 6.77499 197439 61.6 779.8 -69.6003 8.07252 -2.53838 0 9.00013 0 0 0 6.00013 0 0 0 0 0 3 0 0 0 0.00394345 0 
6.776 1 6.77599 197387 30.6 579.8 -67.6003 8.77192 -2.94168 0 16.0002 0 0 0 12.0002 0 0 0 0 0 4 0 0 0 0.00395739 0 
6.777 1 6.77699 197417 20.6 478.8 -67.6003 9.16778 -3.14599 0 14.0002 0 0 0 9.00017 0 0 0 0 0 5 0 0 0 0.00389219 0 
6.778 1 6.77799 197465 34.6 613.8 -68.6003 8.64946 -2.87582 0 7.00004 0 0 0 2.00004 0 0 0 0 0 5 0 0 0 0.0037818 0 
6.779 1 6.77899 197458 21.6 499.8 -67.6003 9.12059 -3.14151 0 6.00008 0 0 0 4.00008 0 0 0 0 0 2 0 0 0 0.00391828 0 
6.78 1 6.77999 197439 42.6 641.8 -64.6003 8.44133 -2.71242 0 16.0002 0 0 0 10.0002 0 1.00001 0 0 0 5 0 0 0 0.00373826 0 
6.781 1 6.78099 197450 3.59999 625.8 -68.6003 10.9123 -5.1581 0 12.0001 0 0 0 6.00013 0 0 0 0 0 5 0 0 1.00001 0.00377326 0 
6.782 1 6.78199 197443 -17.4 451.8 -70.6003 0 0 0 11.0002 0 0 0 10.0002 0 0 0 0 0 1.00003 0 0 0 0.00415854 0 
6.783 1 6.78299 197420 -0.400009 699.8 -72.6003 0 0 0 14.0002 0 0 0 9.00018 0 0 0 0 0 5 0 0 0 0.00390807 0 
6.784 1 6.78399 197456 -8.40001 593.8 -78.6003 0 0 0 8.00012 0 0 0 6.00012 0 0 0 0 0 2 0 0 0 0.00376182 0 
6.785 1 6.78499 197450 -1.40001 662.8 -77.6003 0 0 0 13.0002 0 0 0 8.00016 0 0 0 0 0 5 0 0 0 0.00372767 0 
6.786 1 6.78599 197428 -9.40001 510.8 -74.6003 0 0 0 10.0001 0 0 0 6.00012 0 0 0 0 0 4 0 0 0 0.00379988 0 
6.787 1 6.78699 197424 -0.400009 611.8 -79.6003 0 0 0 8.00011 0 0 0 5.00011 0 0 0 0 0 3 0 0 0 0.0036965 0 
6.788 1 6.78799 197449 -10.4 515.8 -77.6003 0 0 0 11.0001 0 0 0 5.00013 0 0 0 0 0 6 0 0 0 0.0036965 0 
6.789 1 6.78899 197447 -17.4 417.8 -79.6003 0 0 0 18.0002 0 0 0 9.00018 0 0 0 0 0 9 0 0 0 0.00374114 0 
6.79 1 6.78999 197437 6.59999 676.8 -75.6003 10.3061 -4.63031 0 13.0002 0 0 0 10.0002 0 0 0 0 0 3 0 0 0 0.00403818 0 
6.791 1 6.79099 197419 35.6 592.8 -104.6 8.62074 -2.81251 0 15.0002 0 0 0 9.00018 0 0 0 0 0 6 0 0 0 0.00373354 0 
6.792 1 6.79199 197456 60.6 750.8 -95.6003 8.08897 -2.51684 0 10.0003 0 0 0 5.00011 0 0 0 0 0 5.00016 0 0 0 0.00391155 0 
6.793 1 6.79299 197458 31.6 509.8 -105.6 8.74012 -2.78086 0 15.0002 0 0 0 9.00019 0 0 0 0 0 6 0 0 0 0.00427761 0 
6.794 1 6.79399 197405 44.6 658.8 -109.6 8.39528 -2.69269 0 9.00017 0 0 0 7.00017 0 0 0 0 0 2 0 0 0 0.00379728 0 
6.795 1 6.79499 197462 28.6 501.8 -107.6 8.83989 -2.86479 0 12.0001 0 0 0 6.00012 0 0 0 0 0 6 0 0 0 0.00384017 0 
6.796 1 6.79599 197453 63.6 725.8 -113.6 8.04064 -2.43466 0 8.00009 0 0 0 5.00009 0 0 0 0 0 3 0 0 0 0.00372854 0 
6.797 1 6.79699 197429 25.6 523.8 -96.6003 8.95054 -3.01852 0 11.0001 0 0 0 7.00014 0 0 0 0 0 4 0 0 0 0.00389316 0 
6.798 1 6.79799 197371 35.6 589.8 -81.6003 8.62049 -2.80744 0 11.0001 0 0 0 6.00013 0 0 0 0 0 5 0 0 0 0.00401606 0 
6.799 1 6.79899 197436 48.6 631.8 -79.6003 8.30954 -2.56495 0 9.00013 0 0 0 6.00012 0 0 0 0 0 2 0 0 1.00001 0.00385434 0 
6.8 1 6.79999 197424 19.6 502.8 -80.6003 9.21758 -3.24466 0 14.0002 0 0 0 9.00016 0 0 0 0 0 5 0 0 0 0.00404759 0 
6.801 1 6.80099 197461 16.6 475.8 -80.6003 9.38389 -3.3556 0 12.0002 0 0 0 8.00016 0 0 0 0 0 4 0 0 0 0.00372222 0 
6.802 1 6.80199 197456 20.6 556.8 -79.6003 9.16798 -3.29692 0 15.0004 0 0 0 9.00018 0 0 0 0 0 6.00019 0 0 0 0.00362162 0 
6.803 1 6.80299 197421 17.6 554.8 -78.6003 9.32519 -3.45071 0 14.0001 0 0 0 4.00009 0 0 0 0 0 10 0 0 0 0.00397643 0 
6.804 1 6.80399 197472 41.6 655.8 -49.6003 8.46525 -2.75776 0 10.0001 0 0 0 6.00013 0 0 0 0 0 4 0 0 0 0.00383056 0 
6.805 1 6.80499 197447 15.6 451.8 -51.6003 9.44595 -3.36597 0 14.0001 0 0 0 6.00012 0 0 0 0 0 7 0 0 1.00001 0.00408231 0 
6.806 1 6.80599 197492 30.6 630.8 -55.6003 8.77245 -3.02599 0 10.0002 0 0 0 8.00017 0 0 0 0 0 2 0 0 0 0.00378212 0 
6.807 1 6.80699 197418 14.6 483.8 -53.6003 9.51206 -3.50065 0 14.0001 0 0 0 7.00015 0 0 0 0 0 7 0 0 0 0.00404712 0 
6.808 1 6.80799 197424 22.6 591.8 -52.6003 9.07516 -3.26522 0 18.0002 0 0 0 9.00017 0 0 0 0 0 8 0 0 1.00001 0.00387519 0 
6.809 1 6.80899 197451 45.6 525.8 -50.6003 8.37334 -2.44501 0 8.00016 0 0 0 8.00016 0 0 0 0 0 0 0 0 0 0.00372891 0 
6.81 1 6.80999 197458 32.6 457.8 -49.6003 8.70897 -2.64212 0 11.0002 0 0 0 8.00016 0 0 0 0 0 3 0 0 0 0.00385162 0 
6.811 1 6.81099 197418 33.6 520.8 -51.6003 8.67855 -2.74084 0 15.0002 0 0 0 9.00018 0 0 0 0 0 5 0 0 1.00001 0.00383913 0 
6.812 1 6.81199 197459 5.59999 455.8 -45.6003 10.4705 -4.39929 0 14.0004 0 0 0 5.00011 0 0 0 0 0 9.00029 0 0 0 0.00402567 0 
6.813 1 6.81299 197468 7.59999 512.8 -17.6003 10.1652 -4.21174 0 11.0001 0 0 0 8.00013 0 0 0 0 0 3 0 0 0 0.00433067 0 
6.814 1 6.81399 197441 25.6 638.8 -19.6003 8.9506 -3.217 0 14.0002 0 0 0 9.00017 0 0 0 0 0 5 0 0 0 0.00394605 0 
6.81674 1.00631 6.81673 197378 31.1611 763.683 -20.1304 8.75371 -3.19898 0 6.95619 0 0 0 3.975 0 0 0 0 0 2.98119 0 0 0 0.00374701 0 
6.81949 1.01258 6.81948 197432 36.6558 760.662 -48.2596 8.59158 -3.03262 0 11.8511 0 0 0 6.91318 0 0 0 0 0 4.93788 0 0 0 0.00389388 0 
6.82225 1.01881 6.82224 197409 2.82452 511.366 -16.1259 11.1547 -5.19875 0 16.6863 0 0 0 8.834 0 0 0 0 0 7.85229 0 0 0 0.00391241 0 
6.82503 1.025 6.82502 197453 6.47784 528.55 -14.5812 10.3249 -4.40175 0 20.4879 0 0 0 11.7075 0 0 0 0 0 7.80484 0 0 0.975615 0.00374228 0 
6.82782 1.03116 6.82781 197421 14.9379 583.394 -18.8304 9.48919 -3.66496 0 12.6073 0 0 0 5.81881 0 0 0 0 0 6.78846 0 0 0 0.00374228 0 
6.83063 1.03728 6.83062 197384 9.80295 537.371 -15.2747 9.91022 -4.004 0 15.4253 0 0 0 8.67671 0 0 0 0 0 6.74863 0 0 0 0.00414321 0 
6.83345 1.04337 6.83344 197390 27.7322 658.695 -17.4701 8.87034 -3.16767 0 13.4183 0 0 0 8.62612 0 0 0 0 0 4.79219 0 0 0 0.00412893 0 
6.83628 1.04941 6.83627 197423 39.7389 750.075 -16.7411 8.51078 -2.93784 0 10.4822 0 0 0 7.62346 0 0 0 0 0 2.85874 0 0 0 0.00412893 0 
6.83913 1.05543 6.83912 197418 13.7116 547.686 -16.9287 9.57484 -3.68746 0 10.4224 0.947504 0 0 3.79001 0 0 0 0 0 5.6849 0 0 0 0.0038587 0 
6.84199 1.06141 6.84198 197437 -0.714196 438.068 -16.1336 0 0 0 16.0169 0 0 0.942365 10.3638 0 0 0 0 0 4.71073 0 0 0 0.0038587 0 
6.84486 1.06735 6.84485 197411 16.8769 517.09 -15.3097 9.3671 -3.42227 0 6.55832 0 0 0 1.87383 0 0 0 0 0 4.68448 0 0 0 0.00370686 0 
6.84775 1.07327 6.84774 197367 42.6609 699.63 -14.4582 8.43954 -2.79727 0 13.0444 0 0 0 8.38578 0 0 0 0 0 4.65867 0 0 0 0.00385265 0 
6.85065 1.07915 6.85064 197164 19.0527 532.72 -33.9664 9.24458 -3.33079 0 11.12 0 0 0 5.56005 0 0 0 0 0 3.70663 0 0 1.85333 0.00401614 0 
6.85357 1.085 6.85356 197532 23.3513 551.06 -29.2658 9.043 -3.16119 0 11.0602 0 0 0 5.53008 0 0 0 0 0 5.53013 0 0 0 0.00379107 0 
6.8565 1.09082 6.85648 197367 29.4391 656.331 -38.3328 8.81049 -3.10434 0 11.001 0 0 0 4.58383 0 0 0 0 0 5.50047 0 0 0.916754 0.00415402 0 
6.85944 1.0966 6.85943 197367 11.7549 416.736 -36.3276 9.72855 -3.56818 0 11.8549 0 0 0 5.47156 0 0 0 0 0 6.38335 0 0 0 0.00410244 0 
6.86239 1.10236 6.86238 197368 28.7288 617.832 -35.2183 8.83492 -3.06832 0 15.4217 0 0 0 9.07164 0 0 0 0 0 6.35002 0 0 0 0.00385579 0 
6.86536 1.10809 6.86535 197431 29.2843 548.849 -38.6009 8.81609 -2.93077 0 12.6345 0 0 0 5.41485 0 0 0 0 0 7.21966 0 0 0 0.003767 0 
6.86834 1.11378 6.86833 197440 21.7553 503.95 -37.4286 9.11333 -3.14262 0 8.97852 0 0 0 5.38716 0 0 0 0 0 3.59136 0 0 0 0.00385019 0 
6.87134 1.11945 6.87133 197421 27.7038 541.72 -31.7713 8.87152 -2.97318 0 14.2929 0 0 0 8.03981 0 0 0 0 0 5.35977 0 0 0.893303 0.00386942 0 
6.87435 1.12509 6.87434 197413 45.1488 673.357 -36.8065 8.38309 -2.70231 0 10.6659 0 0 0 5.33301 0 0 0 0 0 5.3329 0 0 0 0.00386942 0 
6.87737 1.1307 6.87736 197436 47.3874 627.72 -32.0339 8.33481 -2.58374 0 7.07541 0 0 0 5.30654 0 0 0 0 0 1.76886 0 0 0 0.00392459 0 
6.88041 1.13629 6.8804 197389 43.4455 694.333 -29.9198 8.42142 -2.77144 0 14.9612 0 0 0 8.80077 0 0 0 0 0 6.16042 0 0 0 0.00411914 0 
6.88346 1.14184 6.88345 197398 21.1528 446.801 -29.5495 9.1412 -3.05034 0 8.75788 0 0 0 5.25477 0 0 0 0 0 3.50311 0 0 0 0.00391413 0 
6.88652 1.14737 6.88651 197383 46.141 659.254 -36.1275 8.3612 -2.65941 0 15.6882 0 0 0 10.4589 0 0 0 0 0 5.22934 0 0 0 0.0038014 0 
6.8896 1.15288 6.88959 197363 44.87 648.518 -24.4 8.38903 -2.67092 0 13.8785 0 0 0 6.93931 0 0 0 0 0 6.93917 0 0 0 0.00387276 0 
6.89269 1.15835 6.89268 197373 35.8433 583.527 -23.1165 8.61369 -2.78993 0 13.8129 0 0 0 7.76981 0 0 0 0 0 6.04306 0 0 0 0.00387276 0 
6.89579 1.1638 6.89578 197421 32.0586 611.973 -30.4112 8.72553 -2.94912 0 9.45187 0 0 0 5.15561 0 0 0 0 0 4.29626 0 0 0 0.00398786 0 
6.89891 1.16923 6.8989 197373 31.7316 604.261 -25.6386 8.73554 -2.94669 0 12.8292 0 0 0 10.2634 0 0 0 0 0 2.56586 0 0 0 0.0038363 0 
6.90204 1.17463 6.90203 197430 45.8818 640.066 -27.6954 8.36707 -2.6355 0 11.0674 0 0 0 5.95944 0 0 0 0 0 5.10799 0 0 0 0.00421759 0 
6.90519 1.18001 6.90518 197441 31.0911 498.454 0.799854 8.75627 -2.77459 6.43484 13.5594 0 0 0 8.47469 0 0 0 0 0 4.23726 0 0 0.847453 0.00399283 0 
6.90835 1.18536 6.90834 197402 35.8392 504.939 8.81517 8.61396 -2.6454 4.04796 7.59273 0 0 0 4.21823 0 0 0 0 0 3.37451 0 0 0 0.00383309 0 
6.91152 1.19069 6.91151 197416 18.7099 373.654 6.70501 9.26401 -2.99428 4.02048 9.23848 0 0 0 5.03921 0 0 0 0 0 3.35941 0 0 0.83986 0.00403427 0 
6.91471 1.19599 6.9147 197375 46.0489 552.924 8.81852 8.36316 -2.48552 4.13837 12.5421 0 0 0 8.36147 0 0 0 0 0 4.18064 0 0 0 0.00397849 0 
6.91791 1.20127 6.91789 197418 60.6618 634.074 6.77497 8.08776 -2.34685 4.53893 13.3194 0 0 0 9.15715 0 0 0 0 0 4.16226 0 0 0 0.0043376 0 
6.92112 1.20653 6.92111 197528 65.2031 649.893 2.28606 8.01613 -2.2993 5.64998 15.7478 0 0 0 8.28841 0 0 0 0 0 7.45942 0 0 0 0.00392566 0 
6.92435 1.21176 6.92433 197397 75.4837 706.036 -8.74297 7.86905 -2.23575 0 14.0293 0 0 0 7.42735 0 0 0 0 0 6.60196 0 0 0 0.00392043 0 
6.92759 1.21697 6.92757 197400 74.1743 710.777 -10.6162 7.88657 -2.25994 0 14.791 0 0 0 9.03899 0 0 0 0 0 4.93026 0 0 0.821717 0.00393144 0 
6.93084 1.22216 6.93083 197392 120.335 725.322 -7.54228 7.40267 -1.79634 0 15.5464 0 0 0 10.6371 0 0 0 0 0 4.0911 0 0 0.818228 0.00393144 0 
6.93411 1.22733 6.9341 197376 90.3346 574.369 -11.8058 7.68934 -1.84975 0 11.407 0 0 0 6.51834 0 0 0 0 0 4.88865 0 0 0 0.00389262 0 
6.93739 1.23248 6.93738 197436 99.5335 577.241 -12.7669 7.59267 -1.75776 0 14.6049 0 0 0 8.92529 0 0 0 0 0 5.67962 0 0 0 0.00384303 0 
6.94068 1.2376 6.94067 197396 73.9139 421.739 -10.4674 7.89006 -1.74149 0 11.3123 0 0 0 6.46424 0 0 0 0 0 4.84808 0 0 0 0.00390585 0 
6.94399 1.24271 6.94398 197397 98.3982 570.906 -12.1897 7.60395 -1.7582 0 13.68 0 0 0 7.2424 0 0 0 0 0 5.63287 0 0 0.804702 0.00371624 0 
6.94731 1.24779 6.9473 197404 64.1815 439.983 -17.0834 8.03129 -1.92502 0 14.4257 0 0 0 8.01433 0 0 0 0 0 6.41134 0 0 0 0.00376945 0 
6.95065 1.25285 6.95064 197439 69.3542 408.315 -24.3125 7.95396 -1.77281 0 12.771 0 0 0 8.78015 0 0 0 0 0 3.9909 0 0 0 0.00376259 0 
6.95399 1.25789 6.95398 197400 72.8972 474.701 -11.5897 7.90394 -1.87364 0 10.3349 0 0 0 7.15497 0 0 0 0 0 3.17992 0 0 0 0.00376259 0 
6.95736 1.26291 6.95735 197476 70.0792 755.952 -9.24286 7.94375 -2.37835 0 11.8774 0 0 0 6.33468 0 0 0 0 0 4.75092 0 0 0.791819 0.00392677 0 
6.96073 1.26792 6.96072 197464 48.3565 618.57 -12.4164 8.31471 -2.54881 0 7.09834 0 0 0 3.94356 0 0 0 0 0 3.15478 0 0 0 0.00381552 0 
6.96412 1.2729 6.96411 197442 30.7336 540.422 -14.761 8.76784 -2.86699 0 11.7842 0 0 0 5.49938 0 0 0 0 0 6.28487 0 0 0 0.00400616 0 
6.96752 1.27786 6.96751 197421 28.1174 521.591 -10.026 8.85671 -2.9205 0 7.82587 0 0 0.782775 3.1303 0 0 0 0 0 3.13023 0 0 0.782564 0.00400616 0 
6.97094 1.2828 6.97093 197444 41.8928 615.179 -13.1051 8.4581 -2.6868 0 9.35465 0 0 0 7.01602 0 0 0 0 0 2.33863 0 0 0 0.00396617 0 
6.97437 1.28773 6.97436 197432 26.0546 492.96 -34.0038 8.93296 -2.94024 0 14.7547 0 0 0 3.88289 0 0 0 0 0 10.8719 0 0 0 0.00367896 0 
6.97781 1.29263 6.9778 197417 37.4142 524.09 -19.1402 8.57102 -2.63961 0 12.3779 0.773629 0 0 4.64178 0 0.773624 0 0 0 6.18891 0 0 0 0.00393369 0 
6.98127 1.29752 6.98126 197386 55.6254 637.468 -18.2443 8.17428 -2.43886 0 10.0192 0 0 0 4.62429 0 0 0 0 0.770748 4.6242 0 0 0 0.00381943 0 
6.98474 1.30239 6.98473 197408 22.2577 566.506 -19.6417 9.09034 -3.2368 0 10.7496 0 0 0 6.14267 0 0 0 0 0 4.60691 0 0 0 0.00391315 0 