#F Glut_red_powder_scan_Apr13_2006_0955.3
#E 1144942126
#D Thu Apr 13 10:28:46 2006
#C fourc  User = bmexafs
#O0      tth        th       Chi       phi    energy   WBS_Top  WBS_Bottom   WBS_Out
#O1   WBS_In  mono_MU1  Mono_MV1  Mono_MU2  Mono_MV2  Mono_MU3  Mono_MV3  Mono_Theta
#O2   Mono_Y    Mono_X    Flag_1    Flag_2    Flag_3    Flag_4    Flag_5   Tmir_Y1
#O3  Tmir_Y2   Tmir_Y3  Tmir_TX1  Tmir_TX2  Tmir_Bend  M_Slit_Top  M_Slit_Bot  M_Slit_Lft
#O4 M-Slit_Rt    Mono_z    Flag_6   Smir_Y1   Smir_Y2  Sample_X  Btable_X  Sample_Y
#O5   x_flag  Btable_Y1  Btable_Y2  Btable_Y3  BSL_Bottom   BSL_Top   BSL_Out    BSL_In
#O6 Mono_th2  Mono_chi2  

#S 1  gescan  energy 2460 2500  257 var
#D Thu Apr 13 10:30:00 2006
#T 1  (Seconds)
#G0 0 0 0 0 0 1 0 0 0 0 0 0 50 0 0.1 0 68 68 50 -1 1 1 3.13542 3.13542 0
#G1 1.54 1.54 1.54 90 90 90 4.079990459 4.079990459 4.079990459 90 90 90 1 0 0 0 1 0 60 30 0 0 0 0 60 30 0 -90 0 0 1.54 1.54
#G3 4.079990459 -6.561125068e-16 -6.561125068e-16 0 -4.079990459 2.498273628e-16 0 0 -4.079990459
#G4 0.003705793715 -2.422707277e-05 -0.001933755906 1.54 -0.1107961211 0 0 89.93751333 0 0 0 0 0 0 0 0 -180 -180 -180 -180 -180 -180 -180 -180 -180
#Q 0.00370579 -2.42271e-05 -0.00193376
#P0 0.2395 0.2395 27.556 0.2395 2150 2.0105687 1.2597874 8.139694
#P1 -6.8600319 -4.21513 0.98638999 2.907665 2.788285 18.618835 18.618835 55.119778
#P2 24.044215 25.8184 88.199998 -9.1999991 9.3027499 20.99945 60.477399 25.799499
#P3 25.471299 29.288199 -10.3075 -8.3024998 169806 0.2174875 -17.5514 0
#P4 0 16.723316 39.379525 48.558199 44.051547 8.001 19.80184 18.800065
#P5 54.356509 121.21109 89.163399 89.159345 13.922 43.154002 26.998001 -1.6730001
#P6 -25.8773 -34.681806 
#N 36
#L energy  H  K  L  Epoch  current  i0  i1  i2  Lytle  i0off  i1off  i2off  Lytleoff  Lytlenorm  logi0i2  IY1  IY2  IX1  IX2  i0norm  hor  wbs_T  mca1  mca2  mca3  mca4  mca5  mca6  mca7  mca8  Counter 27  Counter 28  Counter 29  Seconds  Seconds
2460 0.00370579 -2.42271e-05 -0.00193376 110 1.01403e+06 136182 0 235 2693 67955 0 16.5 -1872.2 -0.0275506 3.61474 0.25864 0.0239567 0.219577 0.102388 68091 0.364 -2.85939 39 7 9 11 15 19 0 14 0 0 0 2 2
2460.5 0.00370579 -2.42271e-05 -0.00193376 114 1.01379e+06 136150 0 235 1679 67939 0 16.5 -2379.2 -0.0350196 3.61464 0.259251 0.0236515 0.219577 0.102388 68075 0.364 -2.86336 45 15 22 8 16 17 0 22 0 0 0 2 2
2461 0.00370579 -2.42271e-05 -0.00193376 117 1.01359e+06 136305 0 237 1 68016.5 0 17.5 -3218.2 -0.047315 3.58958 0.259556 0.0236515 0.219883 0.102693 68152.5 0.363 -2.86915 43 13 13 10 16 19 0 11 0 0 0 2 2
2461.5 0.00370579 -2.42271e-05 -0.00193376 121 1.01346e+06 136541 0 239 192 68134.5 0 18.5 -3122.7 -0.0458314 3.5662 0.259861 0.0236515 0.220493 0.102388 68270.5 0.366 -2.87434 43 11 3 11 20 25 0 12 0 0 0 2 2
2462 0.00370579 -2.42271e-05 -0.00193376 124 1.01806e+06 137050 0 255 3628 68389 0 26.5 -1404.7 -0.0205399 3.41174 0.260777 0.0236515 0.221103 0.103304 68525 0.363 -2.87221 44 18 19 7 14 22 0 9 0 0 0 2 2
2462.5 0.00370579 -2.42271e-05 -0.00193376 128 1.01787e+06 136978 0 246 4588 68353 0 22 -924.7 -0.0135283 3.49233 0.260777 0.0236515 0.221103 0.103304 68489 0.363 -2.86244 49 7 17 11 15 22 0 25 0 0 0 2 2
2463 0.00370579 -2.42271e-05 -0.00193376 131 1.01764e+06 137126 0 234 8436 68427 0 16 999.3 0.0146039 3.63111 0.261082 0.0233463 0.221408 0.103304 68563 0.364 -2.86763 55 13 13 13 16 15 0 12 0 0 0 2 2
2463.5 0.00370579 -2.42271e-05 -0.00193376 134 1.01744e+06 137534 0 247 7364 68631 0 22.5 463.3 0.00675059 3.48434 0.262303 0.0233463 0.222324 0.103609 68767 0.364 -2.8835 52 15 25 17 19 28 0 15 0 0 0 2 2
2464 0.00370579 -2.42271e-05 -0.00193376 138 1.01725e+06 137646 0 247 1257 68687 0 22.5 -2590.2 -0.0377102 3.48469 0.262303 0.0233463 0.222324 0.103304 68823 0.366 -2.88899 48 17 19 10 22 18 0 20 0 0 0 2 2
2464.5 0.00370579 -2.42271e-05 -0.00193376 142 1.0171e+06 137721 0 242 1 68724.5 0 20 -3218.2 -0.0468276 3.53608 0.262303 0.0233463 0.222324 0.103609 68860.5 0.364 -2.87861 42 24 16 19 25 22 0 21 0 0 0 2 2
2465 0.00370579 -2.42271e-05 -0.00193376 145 1.01689e+06 137711 0 244 531 68719.5 0 21 -2953.2 -0.0429747 3.51486 0.262913 0.0233463 0.222324 0.103609 68855.5 0.364 -2.87434 48 21 14 17 14 26 0 29 0 0 0 2 2
2465.5 0.00370579 -2.42271e-05 -0.00193376 148 1.01659e+06 137638 0 241 1937 68683 0 19.5 -2250.2 -0.0327621 3.54681 0.262303 0.0233463 0.222324 0.103609 68819 0.364 -2.87282 55 12 10 13 21 24 1 13 0 0 0 2 2
2466 0.00370579 -2.42271e-05 -0.00193376 152 1.01645e+06 137691 0 248 1 68709.5 0 23 -3218.2 -0.0468378 3.47529 0.262608 0.0233463 0.222019 0.103609 68845.5 0.364 -2.87251 49 26 6 21 19 32 0 13 0 0 0 2 2
2466.5 0.00370579 -2.42271e-05 -0.00193376 155 1.01625e+06 137718 0 250 1 68723 0 24 -3218.2 -0.0468286 3.45689 0.262608 0.0233463 0.222019 0.103914 68859 0.362 -2.86458 40 27 23 21 20 37 0 22 0 0 0 2 2
2467 0.00370579 -2.42271e-05 -0.00193376 159 1.01602e+06 137630 0 253 1 68679 0 25.5 -3218.2 -0.0468586 3.43028 0.262303 0.0236515 0.221408 0.104219 68815 0.36 -2.84504 40 20 28 25 23 29 0 15 0 0 0 2 2
2467.5 0.00370579 -2.42271e-05 -0.00193376 162 1.01586e+06 137609 0 251 475 68668.5 0 24.5 -2981.2 -0.0434144 3.44759 0.262608 0.0233463 0.221103 0.104219 68804.5 0.359 -2.84077 45 23 16 10 25 39 0 30 0 0 0 2 2
2468 0.00370579 -2.42271e-05 -0.00193376 166 1.01567e+06 137753 0 254 1576 68740.5 0 26 -2430.7 -0.0353605 3.42224 0.262608 0.0233463 0.221408 0.104219 68876.5 0.36 -2.84413 50 29 27 20 32 30 0 30 0 0 0 2 2
2468.1 0.00370579 -2.42271e-05 -0.00193376 169 1.0155e+06 137735 0 255 2350 68731.5 0 26.5 -2043.7 -0.0297345 3.41391 0.262913 0.0233463 0.221714 0.104524 68867.5 0.359 -2.84077 50 28 25 35 25 29 0 29 0 0 0 2 2
2468.2 0.00370579 -2.42271e-05 -0.00193376 172 1.01527e+06 137688 0 250 2475 68708 0 24 -1981.2 -0.0288351 3.4568 0.262608 0.0233463 0.221408 0.104524 68844 0.359 -2.84108 44 20 31 28 22 39 0 34 0 0 0 2 2
2468.3 0.00370579 -2.42271e-05 -0.00193376 176 1.01507e+06 137703 0 254 5854 68715.5 0 26 -291.7 -0.00424504 3.42208 0.262608 0.0233463 0.221408 0.104219 68851.5 0.36 -2.83925 49 27 31 19 29 31 0 19 0 0 0 2 2
2468.4 0.00370579 -2.42271e-05 -0.00193376 179 1.01498e+06 137801 0 256 7383 68764.5 0 27 472.8 0.00687564 3.406 0.262913 0.0233463 0.221714 0.104219 68900.5 0.359 -2.85298 56 19 19 22 34 38 0 26 0 0 0 2 2
2468.5 0.00370579 -2.42271e-05 -0.00193376 182 1.01502e+06 137844 0 265 6790 68786 0 31.5 176.3 0.00256302 3.33919 0.262913 0.0230411 0.222019 0.104219 68922 0.361 -2.85573 33 29 45 24 25 37 0 29 0 0 0 2 2
2468.6 0.00370579 -2.42271e-05 -0.00193376 185 1.01843e+06 138420 0 251 8560 69074 0 24.5 1061.3 0.0153647 3.45015 0.264134 0.0233463 0.222934 0.104524 69210 0.362 -2.86702 53 27 12 23 31 44 0 34 0 0 0 2 2
2468.7 0.00370579 -2.42271e-05 -0.00193376 189 1.01814e+06 138365 0 262 7386 69046.5 0 30 474.3 0.00686928 3.36202 0.264134 0.0230411 0.222324 0.104829 69182.5 0.359 -2.8603 60 29 27 31 28 46 0 22 0 0 0 2 2
2468.8 0.00370579 -2.42271e-05 -0.00193376 192 1.01798e+06 138370 0 257 7414 69049 0 27.5 488.3 0.00707179 3.39982 0.264134 0.0233463 0.222324 0.104829 69185 0.36 -2.85634 50 29 15 28 30 38 0 38 0 0 0 2 2
2468.9 0.00370579 -2.42271e-05 -0.00193376 195 1.01776e+06 138346 0 261 7590 69037 0 29.5 576.3 0.0083477 3.36926 0.264134 0.0233463 0.222324 0.104524 69173 0.36 -2.86213 39 27 21 31 24 30 0 27 0 0 0 2 2
2469 0.00370579 -2.42271e-05 -0.00193376 198 1.01754e+06 138311 0 259 10123 69019.5 0 28.5 1842.8 0.0266997 3.38413 0.263828 0.0233463 0.222324 0.104829 69155.5 0.359 -2.85725 40 26 29 35 37 41 0 38 0 0 0 2 2
2469.1 0.00370579 -2.42271e-05 -0.00193376 202 1.01745e+06 138296 0 266 8925 69012 0 32 1243.8 0.018023 3.33377 0.263828 0.0233463 0.222019 0.104524 69148 0.36 -2.85267 50 38 27 35 38 42 0 30 0 0 0 2 2
2469.2 0.00370579 -2.42271e-05 -0.00193376 205 1.01725e+06 138290 0 261 9454 69009 0 29.5 1508.3 0.0218566 3.36908 0.264134 0.0233463 0.222324 0.104524 69145 0.36 -2.85695 41 31 20 36 35 53 0 27 0 0 0 2 2
2469.3 0.00370579 -2.42271e-05 -0.00193376 208 1.01701e+06 138188 0 269 9131 68958 0 33.5 1346.8 0.0195307 3.31354 0.264134 0.0233463 0.221714 0.104829 69094 0.358 -2.84504 50 29 29 29 36 41 0 30 0 0 0 2 2
2469.4 0.00370579 -2.42271e-05 -0.00193376 211 1.01685e+06 138246 0 261 7765 68987 0 29.5 663.8 0.0096221 3.36895 0.263828 0.0233463 0.222019 0.104829 69123 0.359 -2.84871 46 28 36 30 33 40 0 41 0 0 0 2 2
2469.5 0.00370579 -2.42271e-05 -0.00193376 215 1.01668e+06 138159 0 263 6483 68943.5 0 30.5 22.8 0.000330706 3.35419 0.263828 0.0233463 0.222019 0.104829 69079.5 0.359 -2.84291 37 37 27 29 31 31 0 32 0 0 0 2 2
2469.6 0.00370579 -2.42271e-05 -0.00193376 218 1.01649e+06 138165 0 266 9698 68946.5 0 32 1630.3 0.0236459 3.33336 0.263523 0.0230411 0.221714 0.104829 69082.5 0.358 -2.84413 43 37 37 36 35 33 0 46 0 0 0 2 2
2469.7 0.00370579 -2.42271e-05 -0.00193376 221 1.01626e+06 138161 0 258 8490 68944.5 0 28 1026.3 0.0148859 3.39134 0.263828 0.0233463 0.221714 0.104829 69080.5 0.358 -2.83986 37 31 33 33 42 49 0 34 0 0 0 2 2
2469.8 0.00370579 -2.42271e-05 -0.00193376 224 1.01611e+06 138059 0 260 8975 68893.5 0 29 1268.8 0.0184168 3.37578 0.263523 0.0233463 0.221408 0.104829 69029.5 0.357 -2.83558 45 32 39 37 38 50 0 34 0 0 0 2 2
2469.9 0.00370579 -2.42271e-05 -0.00193376 228 1.0159e+06 138111 0 267 2995 68919.5 0 32.5 -1721.2 -0.0249741 3.32646 0.263523 0.0233463 0.221408 0.105135 69055.5 0.356 -2.82887 39 43 25 44 47 47 0 33 0 0 0 2 2
2470 0.00370579 -2.42271e-05 -0.00193376 231 1.01571e+06 138028 0 265 3223 68878 0 31.5 -1607.2 -0.023334 3.33977 0.263523 0.0233463 0.221408 0.104829 69014 0.357 -2.83192 52 24 34 50 49 63 0 46 0 0 0 2 2
2470.1 0.00370579 -2.42271e-05 -0.00193376 234 1.01552e+06 137995 0 254 112 68861.5 0 26 -3162.7 -0.0459284 3.423 0.263218 0.0230411 0.221103 0.104829 68997.5 0.357 -2.82521 45 34 27 30 36 48 0 35 0 0 0 2 2
2470.2 0.00370579 -2.42271e-05 -0.00193376 237 1.0153e+06 137969 0 240 2715 68848.5 0 19 -1861.2 -0.0270333 3.55914 0.263523 0.0233463 0.221103 0.104829 68984.5 0.357 -2.82856 38 52 33 40 50 48 0 44 0 0 0 2 2
2470.3 0.00370579 -2.42271e-05 -0.00193376 240 1.0151e+06 137817 0 251 1 68772.5 0 24.5 -3218.2 -0.0467949 3.44825 0.263218 0.0233463 0.220798 0.105135 68908.5 0.355 -2.82002 42 34 31 44 52 48 0 43 0 0 0 2 2
2470.4 0.00370579 -2.42271e-05 -0.00193376 244 1.01827e+06 138127 0 254 2391 68927.5 0 26 -2023.2 -0.0293526 3.42342 0.263523 0.0233463 0.221408 0.105135 69063.5 0.356 -2.82704 40 46 44 33 45 56 0 46 0 0 0 2 2
2470.5 0.00370579 -2.42271e-05 -0.00193376 247 1.01873e+06 138189 0 245 3479 68958.5 0 21.5 -1479.2 -0.0214506 3.50615 0.263828 0.0236515 0.221408 0.10544 69094.5 0.357 -2.82429 41 47 25 57 60 54 0 54 0 0 0 2 2
2470.6 0.00370579 -2.42271e-05 -0.00193376 250 1.01853e+06 138166 0 246 3525 68947 0 22 -1456.2 -0.0211206 3.49609 0.263523 0.0236515 0.221103 0.10544 69083 0.354 -2.81575 38 47 25 50 64 53 0 48 0 0 0 2 2
2470.7 0.00370579 -2.42271e-05 -0.00193376 253 1.01832e+06 138148 0 253 4398 68938 0 25.5 -1019.7 -0.0147916 3.43192 0.263828 0.0236515 0.221103 0.105135 69074 0.355 -2.81819 47 57 38 41 51 51 0 59 0 0 0 2 2
2470.8 0.00370579 -2.42271e-05 -0.00193376 257 1.01813e+06 138060 0 265 2453 68894 0 31.5 -1992.2 -0.0289169 3.33987 0.263523 0.0233463 0.221103 0.105135 69030 0.355 -2.81544 33 48 53 50 50 62 0 50 0 0 0 2 2
2470.9 0.00370579 -2.42271e-05 -0.00193376 260 1.018e+06 138095 0 246 6792 68911.5 0 22 177.3 0.00257287 3.49587 0.263523 0.0236515 0.220798 0.10544 69047.5 0.354 -2.813 45 64 40 65 64 59 0 55 0 0 0 2 2
2471 0.00370579 -2.42271e-05 -0.00193376 263 1.01774e+06 138031 0 241 5638 68879.5 0 19.5 -399.7 -0.00580289 3.54806 0.263523 0.0233463 0.221408 0.105135 69015.5 0.356 -2.82063 49 54 44 59 52 67 0 69 0 0 0 2 2
2471.1 0.00370579 -2.42271e-05 -0.00193376 266 1.01754e+06 137964 0 247 9196 68846 0 22.5 1379.3 0.0200346 3.4857 0.263218 0.0236515 0.221408 0.104829 68982 0.357 -2.82429 34 56 53 51 61 76 0 68 0 0 0 2 2
2471.2 0.00370579 -2.42271e-05 -0.00193376 270 1.01728e+06 138076 0 243 7336 68902 0 20.5 449.3 0.00652086 3.52648 0.263523 0.0236515 0.221103 0.104829 69038 0.357 -2.82002 51 85 46 70 68 66 0 67 0 0 0 2 2
2471.3 0.00370579 -2.42271e-05 -0.00193376 273 1.01718e+06 138069 0 237 5201 68898.5 0 17.5 -618.2 -0.00897262 3.59517 0.263523 0.0233463 0.221408 0.104829 69034.5 0.357 -2.82979 48 81 39 82 67 90 0 71 0 0 0 2 2
2471.4 0.00370579 -2.42271e-05 -0.00193376 276 1.01693e+06 138054 0 242 4319 68891 0 20 -1059.2 -0.015375 3.53713 0.263523 0.0236515 0.221103 0.105135 69027 0.355 -2.82185 48 72 46 61 65 87 0 70 0 0 0 2 2
2471.5 0.00370579 -2.42271e-05 -0.00193376 279 1.01674e+06 138028 0 235 4671 68878 0 16.5 -883.2 -0.0128227 3.6206 0.263828 0.0233463 0.221408 0.104829 69014 0.357 -2.82887 57 78 54 88 80 86 0 63 0 0 0 2 2
2471.6 0.00370579 -2.42271e-05 -0.00193376 282 1.01654e+06 138017 0 233 1838 68872.5 0 15.5 -2299.7 -0.0333907 3.64771 0.263523 0.0236515 0.221408 0.105135 69008.5 0.356 -2.82643 46 78 72 82 100 76 0 86 0 0 0 2 2
2471.7 0.00370579 -2.42271e-05 -0.00193376 286 1.01642e+06 137925 0 238 6437 68826.5 0 18 -0.2 -2.90586e-06 3.58248 0.263523 0.0236515 0.221103 0.105135 68962.5 0.355 -2.81605 37 108 65 102 92 104 0 87 0 0 0 2 2
2471.8 0.00370579 -2.42271e-05 -0.00193376 289 1.01622e+06 137826 0 233 8617 68777 0 15.5 1089.8 0.0158454 3.64711 0.263218 0.0236515 0.220798 0.104829 68913 0.355 -2.8191 40 103 64 103 89 117 0 88 0 0 0 2 2
2471.9 0.00370579 -2.42271e-05 -0.00193376 292 1.01598e+06 137803 0 237 6109 68765.5 0 17.5 -164.2 -0.00238783 3.59433 0.262913 0.0236515 0.220493 0.105135 68901.5 0.354 -2.80659 48 112 89 109 105 104 0 109 0 0 0 2 2
2472 0.00370579 -2.42271e-05 -0.00193376 295 1.0158e+06 137733 0 251 7048 68730.5 0 24.5 305.3 0.00444199 3.44798 0.262913 0.0236515 0.220188 0.105135 68866.5 0.354 -2.80079 47 109 81 101 96 118 0 105 0 0 0 2 2
2472.1 0.00370579 -2.42271e-05 -0.00193376 299 1.01564e+06 137633 0 228 9696 68680.5 0 13 1629.3 0.0237229 3.72289 0.262608 0.0233463 0.220493 0.105135 68816.5 0.354 -2.80629 56 94 79 124 112 126 0 124 0 0 0 2 2
2472.2 0.00370579 -2.42271e-05 -0.00193376 302 1.01542e+06 137593 0 227 7342 68660.5 0 12.5 452.3 0.00658748 3.7398 0.262608 0.0236515 0.220493 0.105135 68796.5 0.354 -2.8011 48 133 100 125 148 167 0 134 0 0 0 2 2
2472.3 0.00370579 -2.42271e-05 -0.00193376 305 1.01996e+06 138196 0 230 8997 68962 0 14 1279.8 0.018558 3.69248 0.263828 0.0236515 0.220798 0.105745 69098 0.352 -2.79866 44 166 111 153 109 150 0 135 0 0 0 2 2
2472.4 0.00370579 -2.42271e-05 -0.00193376 308 1.01965e+06 138125 0 231 7540 68926.5 0 14.5 551.3 0.00799838 3.67702 0.263523 0.0236515 0.220798 0.105745 69062.5 0.352 -2.79225 42 176 127 180 168 162 0 156 0 0 0 2 2
2472.5 0.00370579 -2.42271e-05 -0.00193376 312 1.01954e+06 138042 0 231 7438 68885 0 14.5 500.3 0.00726283 3.67676 0.263218 0.0236515 0.220798 0.105745 69021 0.352 -2.79408 37 166 121 160 138 213 0 191 0 0 0 2 2
2472.6 0.00370579 -2.42271e-05 -0.00193376 315 1.01928e+06 138101 0 236 9966 68914.5 0 17 1764.3 0.0256013 3.60786 0.263523 0.0236515 0.220798 0.10605 69050.5 0.351 -2.79103 43 229 158 203 186 236 0 179 0 0 0 2 2
2472.7 0.00370579 -2.42271e-05 -0.00193376 318 1.0191e+06 138144 0 231 10075 68936 0 14.5 1818.8 0.0263839 3.67708 0.263218 0.0236515 0.220493 0.105745 69072 0.352 -2.79194 41 240 176 241 229 249 0 239 0 0 0 2 2
2472.8 0.00370579 -2.42271e-05 -0.00193376 321 1.01891e+06 138131 0 238 6586 68929.5 0 18 74.3 0.00107791 3.58313 0.263523 0.0236515 0.221103 0.105745 69065.5 0.353 -2.79988 41 295 230 250 277 320 0 278 0 0 0 2 2
2472.9 0.00370579 -2.42271e-05 -0.00193376 325 1.01876e+06 138137 0 240 5354 68932.5 0 19 -541.7 -0.00785841 3.55967 0.263523 0.0236515 0.220798 0.105745 69068.5 0.352 -2.79438 39 367 198 303 326 354 0 323 0 0 0 2 2
2473 0.00370579 -2.42271e-05 -0.00193376 328 1.01852e+06 138127 0 238 8765 68927.5 0 18 1163.8 0.0168844 3.58312 0.263218 0.0236515 0.220493 0.105745 69063.5 0.352 -2.79255 44 416 245 367 345 398 0 378 0 0 0 2 2
2473.1 0.00370579 -2.42271e-05 -0.00193376 331 1.01833e+06 138107 0 232 3788 68917.5 0 15 -1324.7 -0.0192215 3.66224 0.263523 0.0233463 0.220493 0.10605 69053.5 0.35 -2.78859 41 499 301 478 448 461 0 404 0 0 0 2 2
2473.2 0.00370579 -2.42271e-05 -0.00193376 334 1.01817e+06 138016 0 243 1191 68872 0 20.5 -2623.2 -0.038088 3.52629 0.262913 0.0239567 0.220493 0.10605 69008 0.35 -2.78859 42 569 379 548 531 553 0 555 0 0 0 2 2
2473.3 0.00370579 -2.42271e-05 -0.00193376 337 1.01794e+06 138024 0 234 4451 68876 0 16 -993.2 -0.0144201 3.63395 0.262913 0.0236515 0.220188 0.105745 69012 0.351 -2.77974 41 671 412 698 674 721 0 590 0 0 0 2 2
2473.4 0.00370579 -2.42271e-05 -0.00193376 341 1.01777e+06 137958 0 242 6176 68843 0 20 -130.7 -0.00189852 3.53683 0.263218 0.0233463 0.220493 0.105745 68979 0.352 -2.77882 56 834 492 819 779 814 0 773 0 0 0 2 2
2473.5 0.00370579 -2.42271e-05 -0.00193376 344 1.01757e+06 137928 0 242 10655 68828 0 20 2108.8 0.0306387 3.53674 0.262913 0.0233463 0.220798 0.10605 68964 0.35 -2.78004 53 1038 596 950 854 1004 0 960 0 0 0 2 2
2473.6 0.00370579 -2.42271e-05 -0.00193376 347 1.01736e+06 137972 0 235 10717 68850 0 16.5 2139.8 0.0310792 3.62042 0.262913 0.0236515 0.220493 0.10605 68986 0.35 -2.77943 34 1173 699 1117 1113 1153 0 1060 0 0 0 2 2
2473.7 0.00370579 -2.42271e-05 -0.00193376 350 1.01716e+06 138027 0 233 10385 68877.5 0 15.5 1973.8 0.0286567 3.64775 0.262913 0.0236515 0.220493 0.10605 69013.5 0.35 -2.78035 39 1336 716 1236 1123 1405 0 1282 0 0 0 2 2
2473.8 0.00370579 -2.42271e-05 -0.00193376 354 1.01692e+06 137989 0 237 7784 68858.5 0 17.5 673.3 0.00977802 3.59492 0.262913 0.0233463 0.220493 0.10605 68994.5 0.35 -2.77882 55 1504 791 1419 1304 1492 0 1343 0 0 0 2 2
2473.9 0.00370579 -2.42271e-05 -0.00193376 357 1.01673e+06 137993 0 239 4730 68860.5 0 18.5 -853.7 -0.0123975 3.5708 0.262913 0.0236515 0.220188 0.10605 68996.5 0.352 -2.78218 57 1593 900 1531 1333 1600 0 1473 0 0 0 2 2
2474 0.00370579 -2.42271e-05 -0.00193376 360 1.01658e+06 137966 0 242 169 68847 0 20 -3134.2 -0.0455241 3.53686 0.263523 0.0236515 0.220188 0.10605 68983 0.35 -2.77516 39 1618 917 1604 1435 1613 0 1473 0 0 0 2 2
2474.1 0.00370579 -2.42271e-05 -0.00193376 363 1.01642e+06 137909 0 233 130 68818.5 0 15.5 -3153.7 -0.0458263 3.64737 0.262913 0.0236515 0.220188 0.105745 68954.5 0.351 -2.77363 42 1638 932 1537 1416 1639 0 1517 0 0 0 2 2
2474.2 0.00370579 -2.42271e-05 -0.00193376 367 1.01613e+06 137947 0 240 1 68837.5 0 19 -3218.2 -0.0467507 3.55907 0.263218 0.0236515 0.220188 0.106355 68973.5 0.349 -2.7715 47 1588 897 1486 1485 1550 0 1479 0 0 0 2 2
2474.3 0.00370579 -2.42271e-05 -0.00193376 370 1.01593e+06 137883 0 234 4205 68805.5 0 16 -1116.2 -0.0162225 3.6335 0.262913 0.0236515 0.220188 0.106355 68941.5 0.349 -2.76692 47 1597 842 1574 1470 1586 0 1476 0 0 0 2 2
2474.4 0.00370579 -2.42271e-05 -0.00193376 373 1.01578e+06 137882 0 248 7697 68805 0 23 629.8 0.0091534 3.47589 0.262913 0.0236515 0.219883 0.10605 68941 0.349 -2.76051 46 1560 870 1422 1357 1578 0 1433 0 0 0 2 2
2474.5 0.00370579 -2.42271e-05 -0.00193376 376 1.01558e+06 137781 0 236 11505 68754.5 0 17 2533.8 0.0368529 3.60685 0.262303 0.0236515 0.220188 0.10605 68890.5 0.35 -2.76234 55 1455 819 1370 1328 1419 0 1369 0 0 0 2 2
2474.6 0.00370579 -2.42271e-05 -0.00193376 380 1.01542e+06 137784 0 257 9820 68756 0 27.5 1691.3 0.0245986 3.39798 0.262608 0.0236515 0.219883 0.106355 68892 0.348 -2.75898 57 1377 804 1283 1212 1361 0 1296 0 0 0 2 2
2474.7 0.00370579 -2.42271e-05 -0.00193376 383 1.01518e+06 137724 0 247 8754 68726 0 22.5 1158.3 0.0168539 3.48494 0.262303 0.0236515 0.219883 0.10605 68862 0.349 -2.75227 35 1280 774 1205 1249 1417 0 1239 0 0 0 2 2
2474.8 0.00370579 -2.42271e-05 -0.00193376 386 1.01501e+06 137677 0 260 9185 68702.5 0 29 1373.8 0.0199964 3.37457 0.262608 0.0236515 0.219577 0.106355 68838.5 0.347 -2.7483 45 1321 702 1221 1176 1349 0 1204 0 0 0 2 2
2474.9 0.00370579 -2.42271e-05 -0.00193376 389 1.01482e+06 137544 0 243 9000 68636 0 20.5 1281.3 0.018668 3.5248 0.261997 0.0233463 0.219577 0.106355 68772 0.347 -2.74403 41 1219 661 1149 1117 1264 0 1157 0 0 0 2 2
2475 0.00370579 -2.42271e-05 -0.00193376 393 1.01462e+06 137564 0 238 9723 68646 0 18 1642.8 0.0239315 3.58134 0.262303 0.0236515 0.218967 0.106355 68782 0.346 -2.73915 48 1160 680 1075 1061 1174 0 1070 0 0 0 2 2
2475.1 0.00370579 -2.42271e-05 -0.00193376 396 1.01437e+06 137620 0 248 6918 68674 0 23 240.3 0.00349914 3.47506 0.262608 0.0233463 0.219272 0.106355 68810 0.347 -2.73976 45 1068 591 958 965 1098 0 1051 0 0 0 2 2
2475.2 0.00370579 -2.42271e-05 -0.00193376 399 1.01418e+06 137632 0 247 4233 68680 0 22.5 -1102.2 -0.0160483 3.48465 0.262303 0.0236515 0.219272 0.106355 68816 0.347 -2.74189 57 993 609 885 893 973 0 890 0 0 0 2 2
2475.3 0.00370579 -2.42271e-05 -0.00193376 402 1.01406e+06 137646 0 244 4119 68687 0 21 -1159.2 -0.0168766 3.51466 0.262608 0.0236515 0.219272 0.106355 68823 0.347 -2.74067 47 875 544 869 796 947 0 830 0 0 0 2 2
2475.4 0.00370579 -2.42271e-05 -0.00193376 406 1.0138e+06 137562 0 251 694 68645 0 24.5 -2871.7 -0.0418341 3.44744 0.262303 0.0239567 0.219272 0.106661 68781 0.346 -2.73823 64 822 476 710 736 791 0 758 0 0 0 2 2
2475.5 0.00370579 -2.42271e-05 -0.00193376 409 1.01361e+06 137601 0 244 4943 68664.5 0 21 -747.2 -0.0108819 3.51451 0.262608 0.0236515 0.218967 0.106661 68800.5 0.346 -2.72663 52 743 421 653 652 763 0 629 0 0 0 2 2
2475.6 0.00370579 -2.42271e-05 -0.00193376 412 1.01345e+06 137493 0 243 402 68610.5 0 20.5 -3017.7 -0.0439831 3.52464 0.262303 0.0236515 0.218967 0.106355 68746.5 0.346 -2.73152 56 670 400 603 615 692 0 560 0 0 0 2 2
2475.7 0.00370579 -2.42271e-05 -0.00193376 415 1.01332e+06 137506 0 238 3280 68617 0 18 -1578.7 -0.0230074 3.58116 0.261997 0.0236515 0.218662 0.106661 68753 0.344 -2.72389 40 657 425 588 563 621 0 581 0 0 0 2 2
2475.8 0.00370579 -2.42271e-05 -0.00193376 419 1.01306e+06 137408 0 246 7201 68568 0 22 381.8 0.0055682 3.4937 0.261692 0.0233463 0.218967 0.106661 68704 0.346 -2.72663 37 664 361 600 559 572 0 529 0 0 0 2 2
2475.9 0.00370579 -2.42271e-05 -0.00193376 422 1.01347e+06 137416 0 244 12463 68572 0 21 3012.8 0.0439363 3.51393 0.261997 0.0236515 0.218662 0.106661 68708 0.344 -2.71931 53 649 353 600 532 620 0 561 0 0 0 2 2
2476 0.00370579 -2.42271e-05 -0.00193376 426 1.01755e+06 137803 0 252 12448 68765.5 0 25 3005.3 0.0437036 3.43943 0.262608 0.0233463 0.219272 0.106966 68901.5 0.344 -2.72236 42 645 365 605 591 667 0 633 0 0 0 2 2
2476.1 0.00370579 -2.42271e-05 -0.00193376 429 1.01738e+06 137886 0 242 4986 68807 0 20 -725.7 -0.0105469 3.5366 0.263218 0.0236515 0.218967 0.106966 68943 0.344 -2.72755 35 685 441 647 627 678 0 632 0 0 0 2 2
2476.2 0.00370579 -2.42271e-05 -0.00193376 432 1.01719e+06 137917 0 245 4461 68822.5 0 21.5 -988.2 -0.0143587 3.50529 0.262913 0.0233463 0.219577 0.106661 68958.5 0.346 -2.73701 46 728 426 687 666 752 0 705 0 0 0 2 2
2476.3 0.00370579 -2.42271e-05 -0.00193376 435 1.01699e+06 137997 0 249 7755 68862.5 0 23.5 658.8 0.00956689 3.46691 0.263218 0.0233463 0.219272 0.106966 68998.5 0.344 -2.73121 50 769 448 747 698 741 0 704 0 0 0 2 2
2476.4 0.00370579 -2.42271e-05 -0.00193376 438 1.01678e+06 137965 0 249 10017 68846.5 0 23.5 1789.8 0.025997 3.46681 0.263218 0.0236515 0.219272 0.106966 68982.5 0.344 -2.73579 53 777 511 746 766 783 0 756 0 0 0 2 2
2476.5 0.00370579 -2.42271e-05 -0.00193376 442 1.01656e+06 137913 0 250 10188 68820.5 0 24 1875.3 0.0272491 3.45751 0.263218 0.0236515 0.218967 0.106966 68956.5 0.344 -2.73213 50 881 471 783 748 851 0 826 0 0 0 2 2
2476.6 0.00370579 -2.42271e-05 -0.00193376 445 1.01642e+06 137906 0 245 4845 68817 0 21.5 -796.2 -0.0115698 3.50526 0.263218 0.0236515 0.219272 0.106661 68953 0.346 -2.73365 47 937 497 831 787 909 0 829 0 0 0 2 2
2476.7 0.00370579 -2.42271e-05 -0.00193376 448 1.01625e+06 137856 0 244 987 68792 0 21 -2725.2 -0.0396151 3.51532 0.262913 0.0233463 0.218967 0.106966 68928 0.344 -2.72511 51 925 555 861 823 935 0 862 0 0 0 2 2
2476.8 0.00370579 -2.42271e-05 -0.00193376 451 1.01598e+06 137776 0 256 838 68752 0 27 -2799.7 -0.0407217 3.40592 0.263218 0.0236515 0.218967 0.106966 68888 0.344 -2.72084 53 1023 572 877 829 883 0 836 0 0 0 2 2
2476.9 0.00370579 -2.42271e-05 -0.00193376 455 1.0158e+06 137787 0 247 221 68757.5 0 22.5 -3108.2 -0.0452053 3.48514 0.262913 0.0236515 0.218967 0.106966 68893.5 0.344 -2.71626 46 1023 550 867 889 945 0 877 0 0 0 2 2
2477 0.00370579 -2.42271e-05 -0.00193376 458 1.01559e+06 137776 0 251 1517 68752 0 24.5 -2460.2 -0.0357837 3.44812 0.263218 0.0233463 0.218967 0.106966 68888 0.343 -2.71992 52 1004 579 913 853 941 0 885 0 0 0 2 2
2477.1 0.00370579 -2.42271e-05 -0.00193376 461 1.01547e+06 137703 0 252 1661 68715.5 0 25 -2388.2 -0.0347549 3.43911 0.262913 0.0236515 0.218662 0.106966 68851.5 0.343 -2.71565 33 970 524 895 858 977 0 892 0 0 0 2 2
2477.2 0.00370579 -2.42271e-05 -0.00193376 464 1.01531e+06 137612 0 248 1285 68670 0 23 -2576.2 -0.0375157 3.47504 0.262608 0.0236515 0.218051 0.106966 68806 0.342 -2.7071 44 965 571 923 922 950 0 899 0 0 0 2 2
2477.3 0.00370579 -2.42271e-05 -0.00193376 468 1.01503e+06 137662 0 255 952 68695 0 26.5 -2742.7 -0.0399258 3.41368 0.262608 0.0236515 0.218357 0.107271 68831 0.341 -2.70649 61 988 558 955 890 988 0 919 0 0 0 2 2
2477.4 0.00370579 -2.42271e-05 -0.00193376 471 1.01489e+06 137582 0 248 3593 68655 0 23 -1422.2 -0.0207152 3.47494 0.262608 0.0236515 0.218357 0.107271 68791 0.341 -2.70314 40 1040 585 884 894 994 0 893 0 0 0 2 2
2477.5 0.00370579 -2.42271e-05 -0.00193376 474 1.01464e+06 137501 0 249 5999 68614.5 0 23.5 -219.2 -0.00319466 3.46535 0.262303 0.0236515 0.218051 0.107271 68750.5 0.341 -2.69764 48 1029 586 895 891 1019 0 843 0 0 0 2 2
2477.6 0.00370579 -2.42271e-05 -0.00193376 477 1.01452e+06 137469 0 253 3022 68598.5 0 25.5 -1707.7 -0.0248941 3.42977 0.262608 0.0239567 0.217441 0.107271 68734.5 0.339 -2.69062 54 962 581 892 856 968 0 918 0 0 0 2 2
2477.7 0.00370579 -2.42271e-05 -0.00193376 481 1.01431e+06 137402 0 256 1583 68565 0 27 -2427.2 -0.0354 3.40474 0.262303 0.0233463 0.217746 0.106966 68701 0.341 -2.6949 52 971 545 919 877 995 0 886 0 0 0 2 2
2477.8 0.00370579 -2.42271e-05 -0.00193376 484 1.01808e+06 137891 0 256 87 68809.5 0 27 -3175.2 -0.0461448 3.40628 0.263218 0.0236515 0.218357 0.107576 68945.5 0.34 -2.69795 39 957 542 928 912 968 0 898 0 0 0 2 2
2477.9 0.00370579 -2.42271e-05 -0.00193376 487 1.01873e+06 137967 0 252 2773 68847.5 0 25 -1832.2 -0.0266124 3.43995 0.263218 0.0236515 0.218662 0.107881 68983.5 0.339 -2.69154 42 964 560 888 869 920 0 921 0 0 0 2 2
2478 0.00370579 -2.42271e-05 -0.00193376 490 1.01858e+06 137809 0 254 2776 68768.5 0 26 -1830.7 -0.0266212 3.42242 0.262913 0.0239567 0.218662 0.107576 68904.5 0.341 -2.69306 55 978 536 903 822 997 0 926 0 0 0 2 2
2478.1 0.00370579 -2.42271e-05 -0.00193376 493 1.01835e+06 137807 0 254 1236 68767.5 0 26 -2600.7 -0.0378187 3.42241 0.262608 0.0236515 0.218357 0.107576 68903.5 0.34 -2.68421 42 939 533 903 804 902 0 823 0 0 0 2 2
2478.2 0.00370579 -2.42271e-05 -0.00193376 497 1.01814e+06 137804 0 248 216 68766 0 23 -3110.7 -0.045236 3.47565 0.262303 0.0236515 0.218662 0.107881 68902 0.339 -2.68482 52 968 546 899 800 949 0 924 0 0 0 2 2
2478.3 0.00370579 -2.42271e-05 -0.00193376 500 1.01802e+06 137730 0 242 1421 68729 0 20 -2508.2 -0.0364941 3.53611 0.262608 0.0239567 0.218051 0.107881 68865 0.34 -2.67414 52 902 593 853 828 934 0 856 0 0 0 2 2
2478.4 0.00370579 -2.42271e-05 -0.00193376 503 1.01776e+06 137659 0 249 4875 68693.5 0 23.5 -781.2 -0.0113723 3.46585 0.262608 0.0236515 0.218051 0.107576 68829.5 0.339 -2.67506 48 894 519 843 795 904 0 798 0 0 0 2 2
2478.5 0.00370579 -2.42271e-05 -0.00193376 506 1.0176e+06 137580 0 262 4961 68654 0 30 -738.2 -0.0107525 3.35954 0.262303 0.0236515 0.218051 0.107881 68790 0.338 -2.67231 44 904 553 856 852 915 0 888 0 0 0 2 2
2478.6 0.00370579 -2.42271e-05 -0.00193376 510 1.01735e+06 137438 0 266 122 68583 0 32 -3157.7 -0.046042 3.33107 0.261997 0.0236515 0.217746 0.107881 68719 0.337 -2.66896 38 889 564 901 833 896 0 831 0 0 0 2 2
2478.7 0.00370579 -2.42271e-05 -0.00193376 513 1.01716e+06 137552 0 266 1 68640 0 32 -3218.2 -0.0468852 3.33143 0.261692 0.0236515 0.217746 0.107576 68776 0.339 -2.66957 49 939 564 905 835 913 0 846 0 0 0 2 2
2478.8 0.00370579 -2.42271e-05 -0.00193376 516 1.01709e+06 137547 0 262 1 68637.5 0 30 -3218.2 -0.0468869 3.35944 0.262303 0.0233463 0.218051 0.107881 68773.5 0.338 -2.67262 45 937 555 848 856 976 0 861 0 0 0 2 2
2478.9 0.00370579 -2.42271e-05 -0.00193376 519 1.0168e+06 137596 0 248 5151 68662 0 23 -643.2 -0.00936763 3.47499 0.261997 0.0236515 0.218051 0.107881 68798 0.338 -2.67475 56 935 543 849 819 947 0 883 0 0 0 2 2
2479 0.00370579 -2.42271e-05 -0.00193376 522 1.01658e+06 137610 0 252 2352 68669 0 25 -2042.7 -0.029747 3.43882 0.262608 0.0236515 0.217746 0.107881 68805 0.337 -2.67079 43 932 569 906 897 936 0 897 0 0 0 2 2
2479.1 0.00370579 -2.42271e-05 -0.00193376 526 1.01641e+06 137604 0 252 4988 68666 0 25 -724.7 -0.010554 3.4388 0.262608 0.0236515 0.217746 0.107881 68802 0.337 -2.66712 45 953 541 882 908 955 0 899 0 0 0 2 2
2479.2 0.00370579 -2.42271e-05 -0.00193376 529 1.01624e+06 137607 0 254 1393 68667.5 0 26 -2522.2 -0.0367306 3.42178 0.262303 0.0236515 0.217746 0.107881 68803.5 0.337 -2.6656 53 973 581 889 846 965 0 900 0 0 0 2 2
2479.3 0.00370579 -2.42271e-05 -0.00193376 532 1.01595e+06 137563 0 254 3765 68645.5 0 26 -1336.2 -0.0194652 3.42164 0.262303 0.0236515 0.218051 0.107881 68781.5 0.338 -2.67109 48 941 564 916 854 944 0 913 0 0 0 2 2
2479.4 0.00370579 -2.42271e-05 -0.00193376 535 1.01583e+06 137570 0 251 4956 68649 0 24.5 -740.7 -0.0107897 3.44747 0.262608 0.0236515 0.217441 0.107881 68785 0.337 -2.66194 37 957 617 900 856 1003 0 887 0 0 0 2 2
2479.5 0.00370579 -2.42271e-05 -0.00193376 539 1.01564e+06 137553 0 252 5686 68640.5 0 25 -375.7 -0.00547344 3.43864 0.262303 0.0233463 0.217746 0.108186 68776.5 0.336 -2.66041 50 1035 574 981 887 974 0 900 0 0 0 2 2
2479.6 0.00370579 -2.42271e-05 -0.00193376 542 1.0155e+06 137507 0 258 3655 68617.5 0 28 -1391.2 -0.0202747 3.38928 0.261997 0.0233463 0.217441 0.107881 68753.5 0.337 -2.65522 50 1008 546 891 913 962 0 956 0 0 0 2 2
2479.7 0.00370579 -2.42271e-05 -0.00193376 545 1.0209e+06 138153 0 253 2740 68940.5 0 25.5 -1848.7 -0.0268159 3.43193 0.263218 0.0236515 0.218357 0.108492 69076.5 0.336 -2.65919 45 1011 626 902 887 982 0 919 0 0 0 2 2
2479.8 0.00370579 -2.42271e-05 -0.00193376 548 1.02071e+06 138106 0 263 1319 68917 0 30.5 -2559.2 -0.0371345 3.35403 0.263218 0.0230411 0.218051 0.108797 69053 0.334 -2.654 47 968 570 928 889 1032 0 937 0 0 0 2 2
2479.9 0.00370579 -2.42271e-05 -0.00193376 552 1.02045e+06 138032 0 259 834 68880 0 28.5 -2801.7 -0.0406751 3.38325 0.263218 0.0230411 0.217746 0.108492 69016 0.335 -2.65156 47 984 586 859 904 1020 0 938 0 0 0 2 2
2480 0.00370579 -2.42271e-05 -0.00193376 555 1.02028e+06 138015 0 250 1 68871.5 0 24 -3218.2 -0.0467276 3.45783 0.263218 0.0233463 0.217746 0.108797 69007.5 0.335 -2.64759 53 1067 630 893 925 993 0 908 0 0 0 2 2
2480.1 0.00370579 -2.42271e-05 -0.00193376 558 1.02005e+06 137925 0 260 1 68826.5 0 29 -3218.2 -0.0467582 3.37536 0.263218 0.0233463 0.217441 0.108492 68962.5 0.334 -2.64759 50 995 599 916 904 988 0 936 0 0 0 2 2
2480.2 0.00370579 -2.42271e-05 -0.00193376 561 1.01984e+06 137843 0 265 1 68785.5 0 31.5 -3218.2 -0.046786 3.33919 0.262608 0.0233463 0.217746 0.108797 68921.5 0.334 -2.64668 43 1032 571 956 846 967 0 986 0 0 0 2 2
2480.3 0.00370579 -2.42271e-05 -0.00193376 565 1.01962e+06 137780 0 254 3354 68754 0 26 -1541.7 -0.0224234 3.42232 0.262913 0.0233463 0.217441 0.108492 68890 0.334 -2.64637 60 980 600 929 877 971 0 913 0 0 0 2 2
2480.4 0.00370579 -2.42271e-05 -0.00193376 568 1.01938e+06 137783 0 254 3448 68755.5 0 26 -1494.7 -0.0217394 3.42233 0.262608 0.0233463 0.217441 0.108797 68891.5 0.333 -2.64149 42 1011 529 914 873 901 0 909 0 0 0 2 2
2480.5 0.00370579 -2.42271e-05 -0.00193376 571 1.0192e+06 137689 0 248 6858 68708.5 0 23 210.3 0.00306076 3.47528 0.262303 0.0233463 0.216831 0.108797 68844.5 0.332 -2.63325 45 970 526 871 899 915 0 899 0 0 0 2 2
2480.6 0.00370579 -2.42271e-05 -0.00193376 574 1.01903e+06 137625 0 262 8747 68676.5 0 30 1154.8 0.0168151 3.35969 0.262303 0.0233463 0.216831 0.108797 68812.5 0.332 -2.63203 39 941 561 933 842 980 0 832 0 0 0 2 2
2480.7 0.00370579 -2.42271e-05 -0.00193376 578 1.0189e+06 137583 0 259 5893 68655.5 0 28.5 -272.2 -0.00396472 3.38183 0.262303 0.0233463 0.216526 0.108797 68791.5 0.331 -2.62165 53 938 540 842 825 966 0 885 0 0 0 2 2
2480.8 0.00370579 -2.42271e-05 -0.00193376 581 1.01864e+06 137545 0 254 4270 68636.5 0 26 -1083.7 -0.015789 3.42158 0.262303 0.0233463 0.216526 0.108797 68772.5 0.331 -2.62593 54 918 523 872 793 915 0 883 0 0 0 2 2
2480.9 0.00370579 -2.42271e-05 -0.00193376 584 1.01848e+06 137491 0 253 61 68609.5 0 25.5 -3188.2 -0.0464688 3.42984 0.261997 0.0233463 0.21622 0.108492 68745.5 0.332 -2.61921 49 926 516 846 817 879 0 860 0 0 0 2 2
2481 0.00370579 -2.42271e-05 -0.00193376 587 1.01829e+06 137414 0 256 2490 68571 0 27 -1973.7 -0.0287833 3.40478 0.261997 0.0230411 0.216526 0.109102 68707 0.33 -2.61646 52 963 487 851 830 890 0 852 0 0 0 2 2
2481.1 0.00370579 -2.42271e-05 -0.00193376 591 1.01814e+06 137363 0 242 6845 68545.5 0 20 203.8 0.00297321 3.53495 0.261997 0.0230411 0.21622 0.108797 68681.5 0.331 -2.61524 47 883 517 863 805 879 0 785 0 0 0 2 2
2481.2 0.00370579 -2.42271e-05 -0.00193376 594 1.01786e+06 137328 0 245 13179 68528 0 21.5 3370.8 0.0491887 3.50343 0.261997 0.0230411 0.21622 0.108492 68664 0.332 -2.61738 48 900 519 809 854 876 0 802 0 0 0 2 2
2481.3 0.00370579 -2.42271e-05 -0.00193376 597 1.01768e+06 137291 0 250 16637 68509.5 0 24 5099.8 0.0744393 3.45554 0.261692 0.0230411 0.215915 0.108797 68645.5 0.33 -2.60914 50 852 540 819 812 838 0 763 0 0 0 2 2
2481.4 0.00370579 -2.42271e-05 -0.00193376 600 1.01749e+06 137391 0 256 14975 68559.5 0 27 4268.8 0.0622642 3.4047 0.261692 0.0230411 0.21622 0.108797 68695.5 0.331 -2.61707 54 904 520 770 748 838 0 816 0 0 0 2 2
2481.5 0.00370579 -2.42271e-05 -0.00193376 603 1.0173e+06 137385 0 251 10964 68556.5 0 24.5 2263.3 0.0330136 3.44688 0.261997 0.0230411 0.216526 0.108797 68692.5 0.331 -2.62226 45 837 474 812 798 882 0 803 0 0 0 2 2
2481.6 0.00370579 -2.42271e-05 -0.00193376 607 1.0171e+06 137429 0 266 6100 68578.5 0 32 -168.7 -0.00245995 3.33104 0.261997 0.0230411 0.216526 0.108492 68714.5 0.332 -2.62165 56 817 502 796 745 868 0 793 0 0 0 2 2
2481.7 0.00370579 -2.42271e-05 -0.00193376 610 1.01691e+06 137394 0 253 4975 68561 0 25.5 -731.2 -0.010665 3.42954 0.261997 0.0233463 0.216526 0.108492 68697 0.331 -2.62867 43 793 463 764 679 847 0 755 0 0 0 2 2
2481.8 0.00370579 -2.42271e-05 -0.00193376 613 1.01673e+06 137337 0 247 744 68532.5 0 22.5 -2846.7 -0.041538 3.48371 0.261692 0.0233463 0.21622 0.108492 68668.5 0.332 -2.62135 38 799 497 807 725 799 0 692 0 0 0 2 2
2481.9 0.00370579 -2.42271e-05 -0.00193376 616 1.01653e+06 137320 0 246 1621 68524 0 22 -2408.2 -0.0351439 3.49342 0.261692 0.0233463 0.21622 0.108492 68660 0.332 -2.62043 45 809 487 729 692 755 0 663 0 0 0 2 2
2482 0.00370579 -2.42271e-05 -0.00193376 620 1.0163e+06 137265 0 243 2496 68496.5 0 20.5 -1970.7 -0.0287708 3.52391 0.261692 0.0233463 0.215915 0.108797 68632.5 0.33 -2.61524 52 773 496 752 699 784 0 747 0 0 0 2 2
2482.1 0.00370579 -2.42271e-05 -0.00193376 623 1.01607e+06 137216 0 249 540 68472 0 23.5 -2948.7 -0.0430643 3.46445 0.261997 0.0233463 0.215915 0.108492 68608 0.33 -2.61891 46 791 481 691 713 726 0 702 0 0 0 2 2
2482.2 0.00370579 -2.42271e-05 -0.00193376 626 1.01593e+06 137250 0 255 1742 68489 0 26.5 -2347.7 -0.0342785 3.41237 0.261692 0.0233463 0.215915 0.108492 68625 0.331 -2.61494 53 800 471 692 678 770 0 650 0 0 0 2 2
2482.3 0.00370579 -2.42271e-05 -0.00193376 629 1.01572e+06 137206 0 243 6720 68467 0 20.5 141.3 0.00206377 3.52373 0.261692 0.0233463 0.21622 0.108797 68603 0.331 -2.61616 42 726 443 726 703 748 0 706 0 0 0 2 2
2482.4 0.00370579 -2.42271e-05 -0.00193376 633 1.01547e+06 137148 0 245 4638 68438 0 21.5 -899.7 -0.0131462 3.50286 0.261692 0.0230411 0.21561 0.108797 68574 0.329 -2.60578 47 708 458 702 677 738 0 664 0 0 0 2 2
2482.5 0.00370579 -2.42271e-05 -0.00193376 636 1.01533e+06 137104 0 245 4725 68416 0 21.5 -856.2 -0.0125146 3.50272 0.261692 0.0233463 0.21561 0.108797 68552 0.329 -2.60883 53 769 430 701 646 731 0 658 0 0 0 2 2
2482.6 0.00370579 -2.42271e-05 -0.00193376 639 1.01517e+06 137028 0 235 7570 68378 0 16.5 566.3 0.0082819 3.61743 0.260777 0.0230411 0.215305 0.108797 68514 0.329 -2.59724 58 758 369 712 649 739 0 616 0 0 0 2 2
2482.7 0.00370579 -2.42271e-05 -0.00193376 642 1.01494e+06 136922 0 236 3082 68325 0 17 -1677.7 -0.0245547 3.60413 0.261387 0.0233463 0.215305 0.108797 68461 0.329 -2.60212 48 720 421 690 632 707 0 637 0 0 0 2 2
2482.8 0.00370579 -2.42271e-05 -0.00193376 646 1.01473e+06 136914 0 237 7309 68321 0 17.5 435.8 0.00637871 3.59152 0.261082 0.0233463 0.215 0.108492 68457 0.329 -2.6006 56 723 438 648 629 699 0 652 0 0 0 2 2
2482.9 0.00370579 -2.42271e-05 -0.00193376 649 1.01459e+06 136871 0 230 6972 68299.5 0 14 267.3 0.00391365 3.68829 0.260777 0.0233463 0.215 0.108797 68435.5 0.328 -2.59632 53 710 427 655 642 676 0 629 0 0 0 2 2
2483 0.00370579 -2.42271e-05 -0.00193376 652 1.01429e+06 136835 0 248 6073 68281.5 0 23 -182.2 -0.00266837 3.47258 0.260777 0.0233463 0.215 0.108492 68417.5 0.329 -2.59388 44 697 391 650 617 693 0 604 0 0 0 2 2
2483.1 0.00370579 -2.42271e-05 -0.00193376 655 1.01417e+06 136781 0 247 4995 68254.5 0 22.5 -721.2 -0.0105663 3.48195 0.260777 0.0233463 0.215 0.108797 68390.5 0.328 -2.59083 41 661 417 644 616 649 0 685 0 0 0 2 2
2483.2 0.00370579 -2.42271e-05 -0.00193376 659 1.01396e+06 136777 0 248 7264 68252.5 0 23 413.3 0.00605546 3.47239 0.260777 0.0233463 0.215 0.108492 68388.5 0.329 -2.58991 49 685 456 634 597 688 0 656 0 0 0 2 2
2483.3 0.00370579 -2.42271e-05 -0.00193376 662 1.01383e+06 136764 0 230 217 68246 0 14 -3110.2 -0.0455734 3.68795 0.260777 0.0233463 0.215 0.108492 68382 0.329 -2.59113 53 679 430 647 581 699 0 633 0 0 0 2 2
2483.4 0.00370579 -2.42271e-05 -0.00193376 665 1.01873e+06 137254 0 226 7217 68491 0 12 389.8 0.00569126 3.75645 0.261387 0.0230411 0.21561 0.109102 68627 0.328 -2.59724 47 711 422 601 652 645 0 607 0 0 0 2 2
2483.5 0.00370579 -2.42271e-05 -0.00193376 668 1.0185e+06 137209 0 244 8396 68468.5 0 21 979.3 0.0143029 3.51327 0.261692 0.0233463 0.215305 0.109407 68604.5 0.326 -2.58686 55 692 411 653 585 709 0 687 0 0 0 2 2
2483.6 0.00370579 -2.42271e-05 -0.00193376 671 1.01827e+06 137198 0 239 5182 68463 0 18.5 -627.7 -0.00916846 3.56828 0.261692 0.0233463 0.215305 0.109102 68599 0.327 -2.59205 44 714 400 619 587 707 0 653 0 0 0 2 2
2483.7 0.00370579 -2.42271e-05 -0.00193376 675 1.01806e+06 137155 0 247 5299 68441.5 0 22.5 -569.2 -0.00831659 3.48314 0.261692 0.0233463 0.215 0.109102 68577.5 0.327 -2.5832 49 708 426 670 612 655 0 548 0 0 0 2 2
2483.8 0.00370579 -2.42271e-05 -0.00193376 678 1.01788e+06 137059 0 253 3677 68393.5 0 25.5 -1380.2 -0.0201803 3.42847 0.261387 0.0233463 0.215305 0.109407 68529.5 0.326 -2.58045 40 686 384 701 603 649 0 594 0 0 0 2 2
2483.9 0.00370579 -2.42271e-05 -0.00193376 681 1.01774e+06 137089 0 249 6761 68408.5 0 23.5 161.8 0.0023652 3.46404 0.261997 0.0233463 0.215 0.109407 68544.5 0.325 -2.57954 45 645 367 673 625 691 0 654 0 0 0 2 2
2484 0.00370579 -2.42271e-05 -0.00193376 684 1.01752e+06 137054 0 245 4070 68391 0 21.5 -1183.7 -0.0173078 3.50256 0.261387 0.0233463 0.215 0.109102 68527 0.327 -2.57557 56 685 390 637 585 655 0 617 0 0 0 2 2
2484.1 0.00370579 -2.42271e-05 -0.00193376 688 1.01724e+06 137090 0 252 2474 68409 0 25 -1981.7 -0.0289684 3.43717 0.261692 0.0233463 0.215305 0.109407 68545 0.326 -2.58015 45 671 423 656 565 626 0 574 0 0 0 2 2
2484.2 0.00370579 -2.42271e-05 -0.00193376 691 1.01711e+06 137169 0 244 4514 68448.5 0 21 -961.7 -0.01405 3.51314 0.261692 0.0233463 0.215 0.109407 68584.5 0.327 -2.58076 55 668 423 620 624 654 0 670 0 0 0 2 2
2484.3 0.00370579 -2.42271e-05 -0.00193376 694 1.01693e+06 137316 0 241 3695 68522 0 19.5 -1371.2 -0.0200111 3.5458 0.261997 0.0233463 0.21561 0.109102 68658 0.328 -2.58961 50 652 443 609 658 680 0 636 0 0 0 2 2
2484.4 0.00370579 -2.42271e-05 -0.00193376 697 1.0167e+06 137315 0 250 4517 68521.5 0 24 -960.2 -0.0140131 3.45562 0.261692 0.0233463 0.215305 0.109102 68657.5 0.327 -2.58625 45 664 453 664 598 672 0 619 0 0 0 2 2
2484.5 0.00370579 -2.42271e-05 -0.00193376 701 1.01653e+06 137298 0 234 6164 68513 0 16 -136.7 -0.00199524 3.63165 0.261997 0.0230411 0.21561 0.109102 68649 0.328 -2.58961 57 654 368 633 625 627 0 620 0 0 0 2 2
2484.6 0.00370579 -2.42271e-05 -0.00193376 704 1.01634e+06 137371 0 230 13987 68549.5 0 14 3774.8 0.0550668 3.68988 0.262303 0.0233463 0.215915 0.109102 68685.5 0.327 -2.58991 52 708 404 646 611 638 0 633 0 0 0 2 2
2484.7 0.00370579 -2.42271e-05 -0.00193376 707 1.01616e+06 137391 0 235 8729 68559.5 0 16.5 1145.8 0.0167125 3.61858 0.262303 0.0233463 0.215915 0.109102 68695.5 0.329 -2.59968 45 697 435 631 617 684 0 648 0 0 0 2 2
2484.8 0.00370579 -2.42271e-05 -0.00193376 710 1.01593e+06 137418 0 237 8704 68573 0 17.5 1133.3 0.0165269 3.59312 0.262608 0.0236515 0.21561 0.109407 68709 0.327 -2.59327 41 709 400 634 627 656 0 620 0 0 0 2 2
2484.9 0.00370579 -2.42271e-05 -0.00193376 714 1.0157e+06 137349 0 245 5638 68538.5 0 21.5 -399.7 -0.00583176 3.5035 0.262303 0.0233463 0.215915 0.109407 68674.5 0.327 -2.589 43 676 400 652 603 653 0 578 0 0 0 2 2
2485 0.00370579 -2.42271e-05 -0.00193376 717 1.01552e+06 137435 0 230 6156 68581.5 0 14 -140.7 -0.00205157 3.69008 0.261997 0.0233463 0.215915 0.109407 68717.5 0.327 -2.58991 38 680 433 623 625 632 0 636 0 0 0 2 2
2485.1 0.00370579 -2.42271e-05 -0.00193376 720 1.01537e+06 137366 0 243 2016 68547 0 20.5 -2210.7 -0.0322509 3.52423 0.261997 0.0233463 0.215915 0.109407 68683 0.327 -2.58839 62 706 403 630 613 636 0 586 0 0 0 2 2
2485.2 0.00370579 -2.42271e-05 -0.00193376 723 1.01829e+06 137754 0 244 2092 68741 0 21 -2172.7 -0.031607 3.515 0.262913 0.0233463 0.216526 0.110018 68877 0.326 -2.59205 50 676 419 613 584 649 0 586 0 0 0 2 2
2485.3 0.00370579 -2.42271e-05 -0.00193376 727 1.02024e+06 138036 0 243 775 68882 0 20.5 -2831.2 -0.0411022 3.52635 0.263218 0.0233463 0.216831 0.110018 69018 0.327 -2.5951 44 728 325 676 574 692 0 609 0 0 0 2 2
2485.4 0.00370579 -2.42271e-05 -0.00193376 730 1.02e+06 137983 0 241 1 68855.5 0 19.5 -3218.2 -0.0467385 3.5479 0.263218 0.0233463 0.21622 0.110018 68991.5 0.327 -2.589 46 660 357 645 636 691 0 613 0 0 0 2 2
2485.5 0.00370579 -2.42271e-05 -0.00193376 733 1.01985e+06 137908 0 240 1 68818 0 19 -3218.2 -0.0467639 3.55895 0.263218 0.0236515 0.216526 0.110018 68954 0.326 -2.58778 50 642 414 629 632 649 0 625 0 0 0 2 2
2485.6 0.00370579 -2.42271e-05 -0.00193376 736 1.01962e+06 137786 0 238 1503 68757 0 18 -2467.2 -0.0358829 3.58204 0.262913 0.0233463 0.21622 0.110018 68893 0.326 -2.58503 51 648 388 657 622 653 0 645 0 0 0 2 2
2485.7 0.00370579 -2.42271e-05 -0.00193376 740 1.01944e+06 137781 0 244 7683 68754.5 0 21 622.8 0.00905832 3.51508 0.262913 0.0233463 0.21622 0.110018 68890.5 0.326 -2.58167 47 656 390 623 600 628 0 627 0 0 0 2 2
2485.8 0.00370579 -2.42271e-05 -0.00193376 743 1.0192e+06 137795 0 237 2206 68761.5 0 17.5 -2115.7 -0.0307687 3.59431 0.262913 0.0233463 0.21561 0.110018 68897.5 0.324 -2.57649 52 658 405 625 578 670 0 596 0 0 0 2 2
2485.9 0.00370579 -2.42271e-05 -0.00193376 746 1.01905e+06 137691 0 247 3506 68709.5 0 22.5 -1465.7 -0.0213318 3.48483 0.262608 0.0233463 0.21561 0.110018 68845.5 0.324 -2.57069 49 708 382 656 588 689 0 610 0 0 0 2 2
2486 0.00370579 -2.42271e-05 -0.00193376 749 1.01883e+06 137638 0 244 712 68683 0 21 -2862.7 -0.0416799 3.51463 0.262913 0.0233463 0.215915 0.110018 68819 0.325 -2.57313 31 695 458 623 617 654 0 641 0 0 0 2 2
2486.1 0.00370579 -2.42271e-05 -0.00193376 753 1.0186e+06 137682 0 245 1774 68705 0 21.5 -2331.7 -0.0339379 3.50455 0.262608 0.0233463 0.21561 0.110018 68841 0.324 -2.5716 46 712 414 595 649 661 0 618 0 0 0 2 2
2486.2 0.00370579 -2.42271e-05 -0.00193376 756 1.01837e+06 137670 0 252 1 68699 0 25 -3218.2 -0.0468449 3.43901 0.262913 0.0230411 0.21561 0.110323 68835 0.323 -2.56794 35 661 430 637 658 701 0 604 0 0 0 2 2
2486.3 0.00370579 -2.42271e-05 -0.00193376 759 1.01816e+06 137643 0 243 1 68685.5 0 20.5 -3218.2 -0.0468541 3.52511 0.262913 0.0230411 0.21561 0.110018 68821.5 0.324 -2.56672 49 687 397 636 610 689 0 578 0 0 0 2 2
2486.4 0.00370579 -2.42271e-05 -0.00193376 762 1.01803e+06 137591 0 244 1040 68659.5 0 21 -2698.7 -0.0393056 3.51448 0.262303 0.0233463 0.21561 0.110018 68795.5 0.324 -2.56397 56 699 400 637 605 719 0 657 0 0 0 2 2
2486.5 0.00370579 -2.42271e-05 -0.00193376 765 1.01785e+06 137565 0 245 321 68646.5 0 21.5 -3058.2 -0.04455 3.50418 0.262303 0.0233463 0.21561 0.110018 68782.5 0.324 -2.56611 58 687 390 613 620 717 0 671 0 0 0 2 2
2486.6 0.00370579 -2.42271e-05 -0.00193376 769 1.01763e+06 137591 0 244 1 68659.5 0 21 -3218.2 -0.0468719 3.51448 0.262303 0.0233463 0.215305 0.110018 68795.5 0.324 -2.56245 47 666 391 631 629 672 0 601 0 0 0 2 2
2486.7 0.00370579 -2.42271e-05 -0.00193376 772 1.01742e+06 137465 0 245 1 68596.5 0 21.5 -3218.2 -0.0469149 3.50386 0.262303 0.0233463 0.215305 0.110018 68732.5 0.322 -2.5594 58 697 408 644 577 712 0 598 0 0 0 2 2
2486.8 0.00370579 -2.42271e-05 -0.00193376 775 1.01724e+06 137506 0 247 4103 68617 0 22.5 -1167.2 -0.0170104 3.48425 0.262913 0.0233463 0.215 0.110018 68753 0.323 -2.56519 48 715 411 623 665 689 0 623 0 0 0 2 2
2486.9 0.00370579 -2.42271e-05 -0.00193376 779 1.01701e+06 137513 0 242 4851 68620.5 0 20 -793.2 -0.0115592 3.53542 0.262608 0.0233463 0.215 0.110018 68756.5 0.323 -2.55726 55 738 417 638 606 672 0 633 0 0 0 2 2
2487 0.00370579 -2.42271e-05 -0.00193376 782 1.01686e+06 137530 0 243 9144 68629 0 20.5 1353.3 0.0197191 3.52475 0.262608 0.0233463 0.215305 0.110323 68765 0.322 -2.56031 38 693 437 654 622 741 0 674 0 0 0 2 2
2487.1 0.00370579 -2.42271e-05 -0.00193376 785 1.01663e+06 137629 0 247 11595 68678.5 0 22.5 2578.8 0.0375489 3.48464 0.262608 0.0233463 0.215305 0.110018 68814.5 0.324 -2.56092 50 693 439 657 616 666 0 682 0 0 0 2 2
2487.2 0.00370579 -2.42271e-05 -0.00193376 788 1.01647e+06 137639 0 239 3323 68683.5 0 18.5 -1557.2 -0.0226721 3.56968 0.262608 0.0233463 0.21561 0.110018 68819.5 0.324 -2.57496 44 710 468 646 615 667 0 649 0 0 0 2 2
2487.3 0.00370579 -2.42271e-05 -0.00193376 792 1.01629e+06 137689 0 245 7792 68708.5 0 21.5 677.3 0.00985759 3.50457 0.262913 0.0236515 0.21561 0.110018 68844.5 0.324 -2.57343 43 726 389 646 619 700 0 658 0 0 0 2 2
2487.4 0.00370579 -2.42271e-05 -0.00193376 795 1.01612e+06 137687 0 239 9137 68707.5 0 18.5 1349.8 0.0196456 3.56983 0.262303 0.0236515 0.21561 0.110018 68843.5 0.324 -2.57343 42 697 426 705 635 733 0 694 0 0 0 2 2
2487.5 0.00370579 -2.42271e-05 -0.00193376 798 1.01586e+06 137706 0 240 4362 68717 0 19 -1037.7 -0.0151011 3.55831 0.262608 0.0236515 0.215915 0.110018 68853 0.325 -2.56977 44 728 454 641 672 748 0 685 0 0 0 2 2
2487.6 0.00370579 -2.42271e-05 -0.00193376 801 1.01564e+06 137643 0 237 4187 68685.5 0 17.5 -1125.2 -0.0163819 3.59383 0.262913 0.0233463 0.21561 0.110018 68821.5 0.324 -2.5716 51 736 381 653 628 671 0 637 0 0 0 2 2
2487.7 0.00370579 -2.42271e-05 -0.00193376 805 1.01548e+06 137640 0 255 3106 68684 0 26.5 -1665.7 -0.0242516 3.41361 0.262913 0.0236515 0.21561 0.110018 68820 0.324 -2.56855 42 696 419 662 631 719 0 664 0 0 0 2 2
2487.8 0.00370579 -2.42271e-05 -0.00193376 808 1.01529e+06 137689 0 229 5865 68708.5 0 13.5 -286.2 -0.00416542 3.70668 0.262608 0.0233463 0.21561 0.110018 68844.5 0.324 -2.56794 53 719 396 696 653 738 0 681 0 0 0 2 2
2487.9 0.00370579 -2.42271e-05 -0.00193376 811 1.0151e+06 137609 0 224 4759 68668.5 0 11 -839.2 -0.012221 3.79536 0.262608 0.0233463 0.215305 0.110018 68804.5 0.324 -2.56062 42 724 423 649 649 729 0 700 0 0 0 2 2
2488 0.00370579 -2.42271e-05 -0.00193376 814 1.01488e+06 137647 0 231 2714 68687.5 0 14.5 -1861.7 -0.0271039 3.67551 0.262913 0.0233463 0.21561 0.110018 68823.5 0.324 -2.57069 56 692 404 671 664 738 0 641 0 0 0 2 2
2488.1 0.00370579 -2.42271e-05 -0.00193376 818 1.01467e+06 137590 0 240 7824 68659 0 19 693.3 0.0100977 3.55794 0.262913 0.0236515 0.21561 0.110018 68795 0.324 -2.56733 52 682 453 701 630 712 0 665 0 0 0 2 2
2488.2 0.00370579 -2.42271e-05 -0.00193376 821 1.01448e+06 137550 0 247 7412 68639 0 22.5 487.3 0.00709946 3.48439 0.262608 0.0236515 0.215305 0.110323 68775 0.322 -2.56184 49 710 469 647 594 703 0 615 0 0 0 2 2
2488.3 0.00370579 -2.42271e-05 -0.00193376 824 1.01431e+06 137586 0 249 3740 68657 0 23.5 -1348.7 -0.019644 3.46562 0.262913 0.0233463 0.215305 0.110323 68793 0.322 -2.56123 35 702 406 691 640 698 0 652 0 0 0 2 2
2488.4 0.00370579 -2.42271e-05 -0.00193376 827 1.01416e+06 137502 0 244 5470 68615 0 21 -483.7 -0.00704948 3.5142 0.262303 0.0233463 0.215305 0.110018 68751 0.324 -2.56336 53 698 445 710 654 721 0 645 0 0 0 2 2
2488.5 0.00370579 -2.42271e-05 -0.00193376 830 1.01395e+06 137439 0 235 6242 68583.5 0 16.5 -97.7 -0.00142454 3.61874 0.262303 0.0236515 0.215305 0.110018 68719.5 0.324 -2.5597 45 756 414 672 626 732 0 647 0 0 0 2 2
2488.6 0.00370579 -2.42271e-05 -0.00193376 834 1.01367e+06 137502 0 238 3089 68615 0 18 -1674.2 -0.0243999 3.58115 0.262608 0.0236515 0.215 0.110018 68751 0.323 -2.55421 43 715 431 666 639 742 0 706 0 0 0 2 2
2488.7 0.00370579 -2.42271e-05 -0.00193376 837 1.01354e+06 137521 0 242 3931 68624.5 0 20 -1253.2 -0.0182617 3.53545 0.262303 0.0233463 0.21561 0.110323 68760.5 0.323 -2.56092 53 795 418 695 654 798 0 669 0 0 0 2 2
2488.8 0.00370579 -2.42271e-05 -0.00193376 840 1.01331e+06 137462 0 232 6933 68595 0 15 247.8 0.00361251 3.6602 0.262303 0.0236515 0.215305 0.110018 68731 0.324 -2.55879 53 689 472 695 675 741 0 672 0 0 0 2 2
2488.9 0.00370579 -2.42271e-05 -0.00193376 843 1.01676e+06 137903 0 234 6360 68815.5 0 16 -38.7 -0.000562373 3.63357 0.262913 0.0233463 0.215915 0.110323 68951.5 0.324 -2.56611 43 714 455 651 627 738 0 645 0 0 0 2 2
2489 0.00370579 -2.42271e-05 -0.00193376 847 1.01831e+06 138031 0 235 9153 68879.5 0 16.5 1357.8 0.0197127 3.62061 0.263523 0.0236515 0.215915 0.110628 69015.5 0.322 -2.56184 51 711 447 706 636 715 0 653 0 0 0 2 2
2489.1 0.00370579 -2.42271e-05 -0.00193376 850 1.0181e+06 138022 0 233 11086 68875 0 15.5 2324.3 0.0337466 3.64773 0.262913 0.0236515 0.215915 0.110628 69011 0.322 -2.55848 55 756 434 666 647 716 0 706 0 0 0 2 2
2489.2 0.00370579 -2.42271e-05 -0.00193376 853 1.01792e+06 137964 0 240 8139 68846 0 19 850.8 0.012358 3.55913 0.263218 0.0233463 0.215915 0.110323 68982 0.324 -2.56519 47 718 469 671 595 722 0 632 0 0 0 2 2
2489.3 0.00370579 -2.42271e-05 -0.00193376 856 1.0177e+06 137892 0 239 8182 68810 0 18.5 872.3 0.0126769 3.57048 0.263218 0.0236515 0.21561 0.110628 68946 0.322 -2.54963 52 776 390 656 653 765 0 681 0 0 0 2 2
2489.4 0.00370579 -2.42271e-05 -0.00193376 860 1.01753e+06 137927 0 235 5794 68827.5 0 16.5 -321.7 -0.004674 3.62028 0.263218 0.0236515 0.21561 0.110933 68963.5 0.321 -2.5539 38 745 441 668 607 716 0 672 0 0 0 2 2
2489.5 0.00370579 -2.42271e-05 -0.00193376 863 1.01729e+06 137829 0 236 8894 68778.5 0 17 1228.3 0.0178588 3.607 0.262913 0.0236515 0.21561 0.110628 68914.5 0.322 -2.55329 55 729 393 654 660 742 0 676 0 0 0 2 2
2489.6 0.00370579 -2.42271e-05 -0.00193376 866 1.01712e+06 137785 0 233 8952 68756.5 0 15.5 1257.3 0.0182863 3.64698 0.263218 0.0236515 0.215 0.110628 68892.5 0.321 -2.54658 52 727 441 672 637 731 0 702 0 0 0 2 2
2489.7 0.00370579 -2.42271e-05 -0.00193376 869 1.01695e+06 137830 0 244 9083 68779 0 21 1322.8 0.0192326 3.51524 0.262913 0.0236515 0.215305 0.110628 68915 0.321 -2.54994 41 718 407 675 666 718 0 653 0 0 0 2 2
2489.8 0.00370579 -2.42271e-05 -0.00193376 873 1.01673e+06 137745 0 239 8931 68736.5 0 18.5 1246.8 0.0181388 3.57002 0.263218 0.0236515 0.21561 0.110628 68872.5 0.322 -2.55268 41 729 439 669 659 678 0 678 0 0 0 2 2
2489.9 0.00370579 -2.42271e-05 -0.00193376 876 1.01652e+06 137732 0 253 2939 68730 0 25.5 -1749.2 -0.0254503 3.43061 0.263218 0.0236515 0.215305 0.110628 68866 0.323 -2.54383 40 738 503 640 621 713 0 639 0 0 0 2 2
2490 0.00370579 -2.42271e-05 -0.00193376 879 1.01634e+06 137798 0 249 2583 68763 0 23.5 -1927.2 -0.0280267 3.46629 0.263523 0.0236515 0.21561 0.110933 68899 0.321 -2.54627 46 741 411 677 629 718 0 671 0 0 0 2 2
2490.1 0.00370579 -2.42271e-05 -0.00193376 882 1.01607e+06 137787 0 250 5725 68757.5 0 24 -356.2 -0.00518053 3.45711 0.262913 0.0239567 0.215305 0.110933 68893.5 0.32 -2.53956 47 696 426 650 669 796 0 700 0 0 0 2 2
2490.5 0.00370579 -2.42271e-05 -0.00193376 886 1.01602e+06 137739 0 246 8497 68733.5 0 22 1029.8 0.0149825 3.49475 0.262913 0.0236515 0.215 0.110933 68869.5 0.319 -2.53773 58 721 431 697 632 697 0 634 0 0 0 2 2
2491 0.00370579 -2.42271e-05 -0.00193376 889 1.01573e+06 137727 0 230 7673 68727.5 0 14 617.8 0.00898912 3.691 0.262608 0.0239567 0.214694 0.110933 68863.5 0.319 -2.52949 48 655 415 626 628 708 0 661 0 0 0 2 2
2491.5 0.00370579 -2.42271e-05 -0.00193376 893 1.01553e+06 137731 0 235 3932 68729.5 0 16.5 -1252.7 -0.0182265 3.61966 0.262913 0.0236515 0.215305 0.110933 68865.5 0.32 -2.53437 53 730 403 702 638 730 1 634 0 0 0 2 2
2492 0.00370579 -2.42271e-05 -0.00193376 896 1.01527e+06 137694 0 243 5340 68711 0 20.5 -548.7 -0.00798562 3.52527 0.262608 0.0236515 0.214694 0.111238 68847 0.317 -2.52338 59 743 482 689 662 713 0 628 0 0 0 2 2
2492.5 0.00370579 -2.42271e-05 -0.00193376 900 1.01512e+06 137871 0 245 2605 68799.5 0 21.5 -1916.2 -0.0278519 3.50515 0.262913 0.0236515 0.215 0.111238 68935.5 0.318 -2.52827 51 682 412 648 618 742 0 664 0 0 0 2 2
2493 0.00370579 -2.42271e-05 -0.00193376 903 1.01731e+06 138171 0 260 7605 68949.5 0 29 583.8 0.00846707 3.37613 0.264134 0.0233463 0.215915 0.111849 69085.5 0.318 -2.53101 53 740 454 683 680 769 0 653 0 0 0 2 2
2493.5 0.00370579 -2.42271e-05 -0.00193376 907 1.01928e+06 138507 0 256 7323 69117.5 0 27 442.8 0.00640648 3.40822 0.264439 0.0236515 0.215915 0.111849 69253.5 0.318 -2.52522 45 707 474 688 693 706 0 617 0 0 0 2 2
2494 0.00370579 -2.42271e-05 -0.00193376 910 1.01912e+06 138449 0 261 6582 69088.5 0 29.5 72.3 0.00104648 3.36958 0.263828 0.0236515 0.21561 0.111849 69224.5 0.317 -2.5182 50 684 438 684 666 768 0 674 0 0 0 2 2
2494.5 0.00370579 -2.42271e-05 -0.00193376 914 1.01886e+06 138418 0 238 9585 69073 0 18 1573.8 0.0227846 3.58404 0.263523 0.0236515 0.21561 0.112154 69209 0.315 -2.51759 39 716 435 661 635 704 0 676 0 0 0 2 2
2495 0.00370579 -2.42271e-05 -0.00193376 917 1.01865e+06 138406 0 239 8030 69067 0 18.5 796.3 0.0115294 3.5721 0.263828 0.0236515 0.21561 0.112154 69203 0.316 -2.5127 43 734 414 663 629 743 0 677 0 0 0 2 2
2495.5 0.00370579 -2.42271e-05 -0.00193376 921 1.01848e+06 138742 0 239 10613 69235 0 18.5 2087.8 0.0301553 3.57315 0.264439 0.0239567 0.21622 0.111849 69371 0.318 -2.52979 48 694 424 633 688 726 0 704 0 0 0 2 2
2496 0.00370579 -2.42271e-05 -0.00193376 924 1.0183e+06 138773 0 245 8935 69250.5 0 21.5 1248.8 0.0180331 3.50798 0.264439 0.0239567 0.21622 0.112154 69386.5 0.317 -2.52705 55 718 422 644 612 686 0 663 0 0 0 2 2
2496.5 0.00370579 -2.42271e-05 -0.00193376 928 1.01801e+06 138811 0 245 7966 69269.5 0 21.5 764.3 0.0110337 3.5081 0.264439 0.0236515 0.216526 0.112154 69405.5 0.318 -2.52979 50 717 431 660 669 691 0 676 0 0 0 2 2
2497 0.00370579 -2.42271e-05 -0.00193376 931 1.01781e+06 138721 0 248 2730 69224.5 0 23 -1853.7 -0.0267781 3.47853 0.264439 0.0239567 0.215915 0.112154 69360.5 0.316 -2.51606 43 674 404 641 609 731 0 646 0 0 0 2 2
2497.5 0.00370579 -2.42271e-05 -0.00193376 935 1.01763e+06 138456 0 249 4593 69092 0 23.5 -922.2 -0.0133474 3.46836 0.263523 0.0236515 0.215305 0.112459 69228 0.314 -2.49226 50 677 423 678 644 740 0 619 0 0 0 2 2
2498 0.00370579 -2.42271e-05 -0.00193376 938 1.01739e+06 138725 0 248 5435 69226.5 0 23 -501.2 -0.00724 3.47854 0.264744 0.0236515 0.21561 0.112764 69362.5 0.313 -2.49683 39 669 420 673 619 698 0 679 0 0 0 2 2
2498.5 0.00370579 -2.42271e-05 -0.00193376 942 1.01719e+06 138922 0 242 2566 69325 0 20 -1935.7 -0.0279221 3.53986 0.264439 0.0239567 0.21622 0.112764 69461 0.314 -2.5069 51 698 398 700 655 718 0 623 0 0 0 2 2
2499 0.00370579 -2.42271e-05 -0.00193376 945 1.01698e+06 139036 0 247 3090 69382 0 22.5 -1673.7 -0.024123 3.48906 0.265049 0.0239567 0.215915 0.113069 69518 0.313 -2.50416 62 698 484 635 628 702 0 667 0 0 0 2 2
2499.5 0.00370579 -2.42271e-05 -0.00193376 949 1.01677e+06 138971 0 228 5906 69349.5 0 13 -265.7 -0.00383132 3.7271 0.265049 0.0239567 0.215915 0.113069 69485.5 0.313 -2.4947 42 713 421 673 580 641 0 642 0 0 0 2 2
2500 0.00370579 -2.42271e-05 -0.00193376 952 1.01658e+06 139014 0 254 6998 69371 0 26 280.3 0.00404059 3.4262 0.265049 0.0236515 0.215915 0.113069 69507 0.313 -2.48951 59 664 406 675 636 699 0 694 0 0 0 2 2
