#eBraggEnergy I0_EH1 I1_EH1 mu I1_EH2 IR_EH2 mu_ref
10906.925247165695 1522483 1461948 0.04057276171434559 1461948 788336 0.6176006770456691
10911.778167274371 1520704 1460736 0.04023296723967703 1460736 788659 0.6163616624960806
10916.656954096517 1522131 1462246 0.040137716867952804 1462246 790210 0.6154301558877892
10921.623553652587 1510214 1451181 0.03987365495952823 1451181 784839 0.6146543854561127
10926.63950264495 1522067 1462793 0.03972165755710253 1462793 791555 0.614103535700404
10931.6997723457 1519354 1460468 0.039528312219154156 1460468 790542 0.6137934251151511
10936.741131357285 1519499 1460906 0.039323884058082445 1460906 792105 0.6121181114027153
10941.756397934287 1523332 1464800 0.03918132658593379 1464800 794378 0.611914574869819
10946.712453038148 1523668 1465426 0.03897460058094696 1465426 795244 0.611252278360786
10951.695998360181 1522047 1464199 0.03874780411983888 1464199 795227 0.6104360057572176
10956.725928101812 1523938 1466362 0.03851327061712412 1466362 796462 0.6103603629008865
10961.780933120506 1523331 1466012 0.03835359553832552 1466012 797985 0.6082112676713148
10966.79800241302 1523003 1466039 0.03811983759556874 1466039 798906 0.6070761933076144
10971.854476335679 1523122 1466366 0.03797494451986344 1466366 799931 0.6060170362746885
10976.904202811285 1523027 1466671 0.03770459512677637 1466671 800525 0.6054827233492753
10981.911935708002 1522917 1466777 0.03756009802666313 1466777 801449 0.6044014163489031
10986.894518369483 1522932 1467152 0.03731431758793173 1467152 801874 0.6041268972988536
10991.917216565133 1521867 1466425 0.037110404649173964 1466425 801664 0.6038931774715599
10996.861748332887 1523557 1468304 0.03693973937147439 1468304 803596 0.6027666168765023
11001.843111645701 1523280 1468321 0.03674633354540114 1468321 803233 0.6032300163700806
11006.85288659667 1511340 1457206 0.03647577089412736 1457206 798326 0.6017591472805623
11011.87868482073 1523680 1469376 0.036290640590170245 1469376 805946 0.6005763571119817
11016.844375967466 1525689 1471602 0.03609450799317143 1471602 807726 0.5998839901948835
11021.76555340865 1524960 1471112 0.035949602805111204 1471112 807153 0.600260615006306
11026.778923489504 1524461 1470939 0.03573993259024689 1470939 807424 0.5998073183323399
11031.847869240579 1524013 1470847 0.035508562078960186 1470847 808090 0.5989202658582429
11036.84993812031 1524181 1471397 0.035244926977075736 1471397 808654 0.598596431552193
11041.79218650801 1524129 1471590 0.03507965045092593 1471590 808805 0.5985408781975395
11046.789352192394 1523535 1471361 0.03484546980049976 1471361 808345 0.5989541541888442
11051.773495373029 1523848 1471981 0.03462960214284273 1471981 807968 0.5998419378203802
11056.702883344338 1523622 1472025 0.03445139114537752 1472025 807114 0.6009293606065941
11061.6521970072 1523312 1472131 0.03417590085145338 1472131 806381 0.6019099543626666
11066.620823591456 1523884 1472874 0.03404674477506406 1472874 804399 0.6048754583539141
11071.529178464003 1508073 1458150 0.03366416794912429 1458150 793383 0.608617706855374
11072.034870014724 1506711 1456833 0.03366422795839382 1456833 792085 0.609351471257611
11072.498795738193 1508416 1458504 0.033648840746197985 1458504 792278 0.6102541915219222
11073.045073297297 1508938 1458979 0.03366921611225545 1458979 791866 0.6110999694183821
11073.491165156025 1501911 1452254 0.03362146502535767 1452254 787627 0.6118474836770771
11074.043522460748 1503250 1453530 0.033634350298864586 1453530 788316 0.611851334919625
11074.500323844435 1502264 1452596 0.033621003039688874 1452596 787614 0.6120994573576688
11075.024898249634 1508889 1458998 0.03362371969424059 1458998 790900 0.6123336401945555
11075.4837782933 1516849 1466736 0.03359563298309221 1466736 794831 0.6126652894082525
11075.998489387905 1518527 1468393 0.03357218051448984 1468393 795345 0.6131479017337892
11076.47605406853 1519190 1469129 0.03350758990620919 1469129 795476 0.6134843095402686
11077.005478192345 1519141 1469101 0.03349439444932887 1469101 795248 0.613751912371327
11077.479813633563 1519462 1469405 0.03349876788793728 1469405 795146 0.614087090337928
11077.994058122194 1519547 1469571 0.03344174266040324 1469571 794937 0.6144629342142216
11078.50436653534 1519851 1469809 0.03347984336153646 1469809 794492 0.6151848226579555
11078.972193282701 1519854 1469879 0.033434193135676554 1469879 794057 0.615780116376148
11079.495225609746 1519866 1469905 0.03342440022534806 1469905 793532 0.6164591850185204
11079.942536441833 1520031 1470064 0.03342479212917211 1470064 793030 0.6172001642993117
11080.48294991984 1519796 1469891 0.03338786694327152 1469891 792296 0.6180084679979488
11080.946965988596 1519790 1469930 0.03335738680956408 1469930 791548 0.6189795377628892
11081.481500032132 1519755 1469845 0.03339218460173067 1469845 790764 0.6199126652967447
11081.950924766938 1519863 1469919 0.0334129019854874 1469919 789859 0.6211081276950149
11082.509502352146 1519945 1470016 0.03340086490784199 1470016 789082 0.6221583195975808
11082.949091921382 1519925 1470031 0.033377502531899035 1470031 788268 0.6232006344264897
11083.493143800793 1519794 1470043 0.03328314729437209 1470043 787281 0.624461694259598
11083.94079886554 1519028 1469412 0.03320833585416516 1469412 786000 0.6256608073222357
11084.469653551481 1519158 1469480 0.03324763729147171 1469480 784899 0.6271088286105942
11084.953319965776 1519185 1469496 0.033254521990661354 1469496 783712 0.6286331579177594
11085.451669840868 1518531 1468913 0.03322074870234047 1468913 782256 0.6300958977564477
11085.963376490456 1518728 1469116 0.033212283048444986 1469116 780918 0.6319459876092677
11086.44784739841 1518519 1469163 0.033042666900322766 1469163 779491 0.6338069872864688
11086.972963684577 1518538 1469084 0.03310895257275439 1469084 777847 0.6358645095543939
11087.430237406725 1518018 1468646 0.033064648717993306 1468646 776068 0.6378560216647766
11087.967435630166 1518137 1468770 0.03305860939160521 1468770 774268 0.6402625279331492
11088.43478330802 1518149 1468771 0.03306583294376736 1468771 772297 0.6428120845957641
11088.962097776368 1518069 1468698 0.03306283845759867 1468698 770229 0.6454436997806585
11089.424873583264 1518116 1468778 0.033039329832737725 1468778 767904 0.6485213162060227
11089.964275765984 1518036 1468780 0.032985269873603236 1468780 765533 0.6516150799681836
11090.437131093679 1518003 1468722 0.03300302035724262 1468722 762759 0.6552057909437687
11090.97330779508 1517401 1468279 0.03290803631346265 1468279 759699 0.6589239434130658
11091.443590242972 1517379 1468307 0.032874467970339945 1468307 756495 0.6631693915543889
11091.987865350316 1517390 1468304 0.032883760458048514 1468304 752904 0.6679255425715899
11092.441582484882 1517804 1468697 0.03288894022466915 1468697 749196 0.673130260607619
11092.969303282633 1517749 1468593 0.03292351657837055 1468593 744897 0.6788141247740237
11093.443764638994 1517649 1468612 0.032844689891058876 1468612 740188 0.6851688080453802
11093.959590531387 1517605 1468618 0.03281161177789806 1468618 734774 0.6925141325762316
11094.458137527048 1517311 1468363 0.03279151441346743 1468363 728890 0.7003806248203489
11094.960065300898 1517292 1468441 0.03272587321359173 1468441 722035 0.7098829586079679
11095.47070816777 1517247 1468403 0.03272209279188115 1468403 714729 0.7200272447922552
11095.946731102367 1517482 1468563 0.032768010611044215 1468563 706143 0.7322218840798448
11096.486143036589 1517450 1468581 0.03273466601933417 1468581 696443 0.7460659553315931
11096.932250265176 1517432 1468705 0.032638372260739054 1468705 685712 0.7616786246234544
11097.484435924642 1517506 1468767 0.03264492450376548 1468767 672758 0.7807928712671063
11097.931295700251 1516939 1468293 0.03259398705797542 1468293 657847 0.8028833990480773
11098.496261391305 1517013 1468399 0.03257057824786927 1468399 639538 0.8311819299325982
11098.949879163718 1517170 1468601 0.03253651041482379 1468601 618432 0.8648782835610396
11099.510952285144 1516806 1468275 0.032518565858420126 1468275 591445 0.9092748261746869
11099.961322253417 1516917 1468486 0.03244804754626566 1468486 560232 0.9636362334047585
11100.506488831248 1516878 1468587 0.03235356121874854 1468587 519687 1.0388292857403432
11100.964286003906 1516863 1468586 0.032344353364731 1468586 471171 1.1368342266317113
11101.487532056664 1516196 1468069 0.032256634649677124 1468069 407283 1.282194935287817
11101.968110459953 1516216 1468320 0.0320988671933546 1468320 331327 1.4887683659530555
11102.479441173638 1516220 1468475 0.03199594808768699 1468475 240440 1.809509148148473
11102.982810515381 1516301 1468629 0.03194450378669333 1468629 158725 2.224911446463568
11103.480886947502 1516238 1468842 0.0317579317361368 1468842 100876 2.6783375744286846
11103.999043805214 1516110 1468775 0.031719123912563464 1468775 73833 2.9903782128900014
11104.47651488754 1516005 1468778 0.03164782280936852 1468778 62761 3.1528521800869096
11105.001449683732 1515148 1468095 0.03154748196404694 1468095 58155 3.2286090611860625
11105.46565365191 1515051 1468001 0.03154749037006887 1468001 54488 3.2936763964341216
11105.998704329624 1515078 1468051 0.031531252051254045 1468051 52883 3.3236090235572933
11106.461661008208 1515514 1468440 0.031554042544900504 1468440 54054 3.301972344888219
11107.000158761875 1515532 1468519 0.0315121224909896 1468519 56365 3.260161290430969
11107.475900345382 1515529 1468515 0.031512866822483304 1468515 59188 3.211288146450816
11108.008488445983 1515589 1468509 0.031556541943779215 1468509 62311 3.1598649041069855
11108.484322095048 1515361 1468353 0.03151232990369525 1468353 65103 3.115926012381029
11108.999634778467 1515397 1468328 0.031553112360501984 1468328 66972 3.0876049958651812
11109.487591285872 1515268 1468325 0.03147002567152096 1468325 68694 3.062215715147436
11109.976930534734 1515541 1468506 0.03152691347737564 1468506 70188 3.0408234801832776
11110.488379256572 1515520 1468426 0.03156753556250872 1468426 71349 3.0243630294052983
11110.964439367363 1515524 1468521 0.03150548188724023 1468521 72041 3.0147756494543247
11111.502065132854 1515421 1468448 0.03148722739947372 1468448 72846 3.0036137159392213
11111.96484215777 1514769 1467959 0.03138995144129112 1467959 74073 2.9865771861964943
11112.513272741437 1514821 1467992 0.031401799579481325 1467992 75574 2.9665384508792036
11112.958747845176 1514786 1468013 0.03136438911967197 1468013 76983 2.948080446463497
11113.509958912611 1514565 1467805 0.03136018143745106 1467805 78633 2.926731907911629
11113.949497842443 1514696 1467969 0.03133494595726048 1467969 80846 2.899088981321246
11114.500144548867 1514605 1467911 0.03131437724231996 1467911 84325 2.856917199685877
11114.94645859889 1514586 1467844 0.031347476774670174 1467844 88976 2.803183266052539
11115.47445662229 1513927 1467311 0.03127546324220221 1467311 94916 2.738194463018571
11115.96235022071 1513951 1467317 0.031287226824164335 1467317 101961 2.6666004548248203
11116.477063856799 1513908 1467269 0.03129153721902819 1467269 108689 2.602667535695382
11116.971076076146 1514027 1467412 0.0312726834161053 1467412 114663 2.549258192525938
11117.460448670608 1514008 1467434 0.031245141754752275 1467434 118589 2.515606842717583
11117.973301502134 1514014 1467379 0.0312865858311966 1467379 120381 2.500571382038318
11118.436653156159 1513915 1467360 0.031234142942273436 1467360 120417 2.5002594278898433
11118.971031738574 1513297 1466785 0.031217783466673366 1466785 119528 2.507277556253038
11119.42777461099 1513279 1466936 0.031102947896266383 1466936 118412 2.5167610820772306
11119.963594340528 1513310 1466902 0.03114661083397128 1466902 117265 2.526471641998703
11120.435831092696 1513612 1467147 0.031179148762755928 1467147 116017 2.537338245528976
11120.973764170107 1513553 1467128 0.03115311878471858 1467128 115203 2.5443662376443585
11121.4373823701 1513720 1467225 0.03119733572347381 1467225 114801 2.5479279459665642
11121.964697640076 1513643 1467235 0.03113965080548495 1467235 114745 2.5484226811729322
11122.43041426216 1513110 1466872 0.031034892945044874 1466872 115043 2.5455815499204903
11122.944426029184 1513215 1466973 0.031035432411753994 1466973 115366 2.542846689785825
11123.408889583008 1513123 1466909 0.031018261061137205 1466909 115608 2.5407075868664184
11123.927689948003 1513003 1466800 0.03101326040481731 1466800 115685 2.5399674560375254
11124.420396945605 1513059 1466818 0.03103800066793929 1466818 115538 2.541251227552751
11124.919854902346 1512990 1466781 0.03101762163578703 1466781 115264 2.543600333191909
11125.424724728495 1512991 1466726 0.031055780358434985 1466726 114966 2.5461515524898175
11125.898797018594 1512353 1466283 0.03093608899080785 1466283 114654 2.5485670086209926
11126.417174263332 1512467 1466340 0.030972592327045495 1466340 114322 2.5515057509379577
11126.854448385033 1512421 1466389 0.030908762002455074 1466389 114021 2.55417555317734
11127.40511712525 1512364 1466396 0.030866299753727303 1466396 113756 2.55650716506037
11127.847840561732 1511942 1465958 0.030885963565252354 1465958 113489 2.5585583167249006
11128.404652109582 1512205 1466262 0.030852545482232416 1466262 113330 2.5601676673325606
11128.858195507175 1512215 1466220 0.030887802997501358 1466220 113264 2.56072156236848
11129.37619561412 1511963 1466041 0.030843236227225308 1466041 113382 2.559558200777408
11129.86270622894 1511961 1466090 0.030808490652199684 1466090 113814 2.5557887351311823
11130.355302454609 1511950 1466113 0.030785527442444435 1466113 114598 2.5489396078458104
11130.862040505639 1511990 1466148 0.030788110630471648 1466148 115756 2.538909304854478
11131.333921593638 1511481 1465735 0.03073314172290658 1465735 117126 2.526861823714178
11131.849481948137 1511624 1465844 0.030753383786506425 1465844 118619 2.5142697886855063
11132.330851801393 1511730 1465957 0.03074641886303622 1465957 120108 2.501872212477213
11132.863968641755 1512122 1466381 0.03071650177477915 1466381 121228 2.4928796694845023
11133.312527215554 1512130 1466343 0.030747706813243406 1466343 121995 2.4865467647793973
11133.870593208921 1512105 1466308 0.030755042895186973 1466308 122411 2.4831187205563126
11134.311850032822 1512128 1466339 0.03074911205320502 1466339 122414 2.4831153545654012
11134.861962090268 1511643 1466019 0.030646574950577293 1466019 122123 2.4852771092335804
11135.306661537865 1511549 1465978 0.030612356309033303 1465978 121636 2.489244897163998
11135.819926672326 1511488 1465911 0.030617703864350317 1465911 121094 2.4936650676886174
11136.30770962633 1511888 1466208 0.030679724865639576 1466208 120432 2.499349476763969
11136.80763360849 1511874 1466234 0.030652732216546377 1466234 119965 2.503252454144799
11137.305589300238 1511734 1466184 0.030594229169916064 1466184 119627 2.506039817620226
11137.81300185748 1511672 1466124 0.030594139218213415 1466124 119367 2.5081746819229185
11138.313742003576 1511033 1465597 0.030530854900879145 1465597 119195 2.509257139531786
11138.765457486044 1510958 1465549 0.030513970445470922 1465549 119106 2.5099713423533787
11139.307298673308 1510797 1465457 0.030470186934580066 1465457 118971 2.5110426522653295
11139.744308281559 1510804 1465442 0.030485056007155134 1465442 118871 2.5118733109228857
11140.276837054687 1510890 1465551 0.030467600197336613 1465551 118815 2.5124188983704907
11140.742844227258 1510898 1465614 0.03042990875458802 1465614 118811 2.512495551041281
11141.276147260523 1510900 1465548 0.030476265804717 1465548 118794 2.512593612338462
11141.732154400857 1510407 1465101 0.030454968860094418 1465101 118833 2.5119603149210823
11142.263540319027 1510331 1465164 0.03036165050677115 1465164 118899 2.511448067345805
11142.729724579043 1510299 1465216 0.030304972596011774 1465216 118954 2.511021087097773
11143.210079101467 1510317 1465173 0.030346238334350125 1465173 119039 2.5102774327045805
11143.724793622494 1510181 1465018 0.030361982109991404 1465018 119026 2.510280851423514
11144.180341403764 1510268 1465122 0.030348603069966965 1465122 119121 2.5095540111979684
11144.703900260485 1510131 1465051 0.030306347880939433 1465051 119162 2.5091614212719375
11145.177705627004 1509604 1464649 0.03023174145825606 1464649 119256 2.508098459332977
11145.720211625947 1509655 1464678 0.03024572481215795 1464678 119250 2.508168572302364
11146.169874620451 1509601 1464644 0.030233167973169106 1464644 119180 2.508732533189252
11159.55560083852 1509979 1465702 0.029761434859453855 1465702 118711 2.5133976196479266
11174.897598336693 1509780 1466541 0.02905737808096661 1466541 111575 2.575964835233831
11191.711752990124 1509566 1467287 0.0284070749145457 1467287 115844 2.53892593793565
11210.679156141414 1508238 1467253 0.027550136970854417 1467253 122481 2.4831913081632893
11231.493051247671 1508139 1468525 0.02661794471826134 1468525 119899 2.505364052952974
11254.075305818715 1497471 1459463 0.02570912536756926 1459463 115964 2.5325440407133137
11278.709044875697 1506227 1469367 0.02477615262503138 1469367 127620 2.4435298763476063
11305.230786456004 1501661 1466531 0.023672080822448868 1466531 124660 2.4650649955791493
11333.760086954373 1504231 1470827 0.02245697652635176 1470827 122032 2.4892968011932806
11364.422220026872 1502053 1470389 0.021305847370609646 1470389 134806 2.389445562742472
11396.786845999857 1499071 1469485 0.019933583637570765 1469485 129545 2.4286389671269903
11431.376233144676 1496965 1469487 0.018526364779392516 1469487 132847 2.403470549181788
11467.276101155938 1492977 1467726 0.017057848944049117 1467726 140192 2.348456631620611
11505.616485957466 1489390 1466637 0.015394615379998186 1466637 139556 2.3522613493607123
