# FDMNES program, Revision 20th of January 2022     
#    Date = 21 01 2022                              
#    Time = 10 h 48 mn 59 s                         
#        20000.0          1.25          15.0           0.0 = E_edge, Gamma_hole, Gamma_max, E_cut                                                                                                                                                                        
#       0.69430           0.0 = Shift                                                                                                                                                                                            
    Energy    <xanes>    
   -40.000  1.7372707E-03
   -39.500  1.7532836E-03
   -39.000  1.7751748E-03
   -38.500  1.7999919E-03
   -38.000  1.8260484E-03
   -37.500  1.8528930E-03
   -37.000  1.8804839E-03
   -36.500  1.9088462E-03
   -36.000  1.9380125E-03
   -35.500  1.9680175E-03
   -35.000  1.9988981E-03
   -34.500  2.0306932E-03
   -34.000  2.0634441E-03
   -33.500  2.0971949E-03
   -33.000  2.1319921E-03
   -32.500  2.1678856E-03
   -32.000  2.2049281E-03
   -31.500  2.2431761E-03
   -31.000  2.2826898E-03
   -30.500  2.3235337E-03
   -30.000  2.3657765E-03
   -29.500  2.4094921E-03
   -29.000  2.4547595E-03
   -28.500  2.5016637E-03
   -28.000  2.5502962E-03
   -27.500  2.6007567E-03
   -27.000  2.6531588E-03
   -26.500  2.7076273E-03
   -26.000  2.7642316E-03
   -25.500  2.8230149E-03
   -25.000  2.8842724E-03
   -24.800  2.9095499E-03
   -24.600  2.9352774E-03
   -24.400  2.9614477E-03
   -24.200  2.9880570E-03
   -24.000  3.0151111E-03
   -23.800  3.0426252E-03
   -23.600  3.0706200E-03
   -23.400  3.0991162E-03
   -23.200  3.1281315E-03
   -23.000  3.1576816E-03
   -22.800  3.1877804E-03
   -22.600  3.2184420E-03
   -22.400  3.2496815E-03
   -22.200  3.2815149E-03
   -22.000  3.3139593E-03
   -21.800  3.3470326E-03
   -21.600  3.3807537E-03
   -21.400  3.4151422E-03
   -21.200  3.4502187E-03
   -21.000  3.4860043E-03
   -20.800  3.5225214E-03
   -20.600  3.5597932E-03
   -20.400  3.5978438E-03
   -20.200  3.6366987E-03
   -20.000  3.6763842E-03
   -19.800  3.7169280E-03
   -19.600  3.7583589E-03
   -19.400  3.8007071E-03
   -19.200  3.8440044E-03
   -19.000  3.8882838E-03
   -18.800  3.9335801E-03
   -18.600  3.9799298E-03
   -18.400  4.0273710E-03
   -18.200  4.0759441E-03
   -18.000  4.1256911E-03
   -17.800  4.1766564E-03
   -17.600  4.2288867E-03
   -17.400  4.2824312E-03
   -17.200  4.3373417E-03
   -17.000  4.3936727E-03
   -16.800  4.4514819E-03
   -16.600  4.5108301E-03
   -16.400  4.5717816E-03
   -16.200  4.6344044E-03
   -16.000  4.6987704E-03
   -15.800  4.7649560E-03
   -15.600  4.8330419E-03
   -15.400  4.9031139E-03
   -15.200  4.9752631E-03
   -15.000  5.0495865E-03
   -14.800  5.1261870E-03
   -14.600  5.2051744E-03
   -14.400  5.2866659E-03
   -14.200  5.3707862E-03
   -14.000  5.4576689E-03
   -13.800  5.5474567E-03
   -13.600  5.6403024E-03
   -13.400  5.7363697E-03
   -13.200  5.8358342E-03
   -13.000  5.9388848E-03
   -12.800  6.0457243E-03
   -12.600  6.1565714E-03
   -12.400  6.2716620E-03
   -12.200  6.3912510E-03
   -12.000  6.5156144E-03
   -11.800  6.6450500E-03
   -11.600  6.7798784E-03
   -11.400  6.9204417E-03
   -11.200  7.0671040E-03
   -11.000  7.2202548E-03
   -10.800  7.3803202E-03
   -10.600  7.5477781E-03
   -10.400  7.7231709E-03
   -10.200  7.9071061E-03
   -10.000  8.1002422E-03
    -9.900  8.2004757E-03
    -9.800  8.3032704E-03
    -9.700  8.4087168E-03
    -9.600  8.5169072E-03
    -9.500  8.6279371E-03
    -9.400  8.7419060E-03
    -9.300  8.8589180E-03
    -9.200  8.9790824E-03
    -9.100  9.1025145E-03
    -9.000  9.2293349E-03
    -8.900  9.3596700E-03
    -8.800  9.4936509E-03
    -8.700  9.6314134E-03
    -8.600  9.7730974E-03
    -8.500  9.9188461E-03
    -8.400  1.0068806E-02
    -8.300  1.0223126E-02
    -8.200  1.0381958E-02
    -8.100  1.0545455E-02
    -8.000  1.0713772E-02
    -7.900  1.0887066E-02
    -7.800  1.1065493E-02
    -7.700  1.1249209E-02
    -7.600  1.1438369E-02
    -7.500  1.1633126E-02
    -7.400  1.1833628E-02
    -7.300  1.2040020E-02
    -7.200  1.2252440E-02
    -7.100  1.2471017E-02
    -7.000  1.2695872E-02
    -6.900  1.2927115E-02
    -6.800  1.3164842E-02
    -6.700  1.3409135E-02
    -6.600  1.3660059E-02
    -6.500  1.3917663E-02
    -6.400  1.4181974E-02
    -6.300  1.4453001E-02
    -6.200  1.4730729E-02
    -6.100  1.5015120E-02
    -6.000  1.5306113E-02
    -5.900  1.5603622E-02
    -5.800  1.5907539E-02
    -5.700  1.6217729E-02
    -5.600  1.6534033E-02
    -5.500  1.6856273E-02
    -5.400  1.7184244E-02
    -5.300  1.7517724E-02
    -5.200  1.7856471E-02
    -5.100  1.8200225E-02
    -5.000  1.8548713E-02
    -4.900  1.8901646E-02
    -4.800  1.9258729E-02
    -4.700  1.9619654E-02
    -4.600  1.9984111E-02
    -4.500  2.0351786E-02
    -4.400  2.0722365E-02
    -4.300  2.1095538E-02
    -4.200  2.1470998E-02
    -4.100  2.1848448E-02
    -4.000  2.2227599E-02
    -3.900  2.2608175E-02
    -3.800  2.2989914E-02
    -3.700  2.3372568E-02
    -3.600  2.3755908E-02
    -3.500  2.4139718E-02
    -3.400  2.4523805E-02
    -3.300  2.4907991E-02
    -3.200  2.5292116E-02
    -3.100  2.5676038E-02
    -3.000  2.6059634E-02
    -2.900  2.6442796E-02
    -2.800  2.6825432E-02
    -2.700  2.7207465E-02
    -2.600  2.7588832E-02
    -2.500  2.7969484E-02
    -2.400  2.8349384E-02
    -2.300  2.8728504E-02
    -2.200  2.9106830E-02
    -2.100  2.9484355E-02
    -2.000  2.9861085E-02
    -1.900  3.0237032E-02
    -1.800  3.0612219E-02
    -1.700  3.0986678E-02
    -1.600  3.1360451E-02
    -1.500  3.1733589E-02
    -1.400  3.2106152E-02
    -1.300  3.2478212E-02
    -1.200  3.2849850E-02
    -1.100  3.3221158E-02
    -1.000  3.3592238E-02
    -0.900  3.3963202E-02
    -0.800  3.4334172E-02
    -0.700  3.4705276E-02
    -0.600  3.5076653E-02
    -0.500  3.5448445E-02
    -0.400  3.5820800E-02
    -0.300  3.6193867E-02
    -0.200  3.6567798E-02
    -0.100  3.6942739E-02
     0.000  3.7318837E-02
     0.100  3.7696229E-02
     0.200  3.8075048E-02
     0.300  3.8455413E-02
     0.400  3.8837435E-02
     0.500  3.9221210E-02
     0.600  3.9606821E-02
     0.700  3.9994335E-02
     0.800  4.0383807E-02
     0.900  4.0775274E-02
     1.000  4.1168759E-02
     1.100  4.1564271E-02
     1.200  4.1961805E-02
     1.300  4.2361344E-02
     1.400  4.2762859E-02
     1.500  4.3166311E-02
     1.600  4.3571650E-02
     1.700  4.3978819E-02
     1.800  4.4387753E-02
     1.900  4.4798382E-02
     2.000  4.5210628E-02
     2.100  4.5624408E-02
     2.200  4.6039633E-02
     2.300  4.6456209E-02
     2.400  4.6874037E-02
     2.500  4.7293009E-02
     2.600  4.7713013E-02
     2.700  4.8133927E-02
     2.800  4.8555621E-02
     2.900  4.8977954E-02
     3.000  4.9400777E-02
     3.100  4.9823927E-02
     3.200  5.0247228E-02
     3.300  5.0670494E-02
     3.400  5.1093522E-02
     3.500  5.1516098E-02
     3.600  5.1937992E-02
     3.700  5.2358961E-02
     3.800  5.2778751E-02
     3.900  5.3197094E-02
     4.000  5.3613710E-02
     4.100  5.4028313E-02
     4.200  5.4440607E-02
     4.300  5.4850289E-02
     4.400  5.5257055E-02
     4.500  5.5660599E-02
     4.600  5.6060614E-02
     4.700  5.6456798E-02
     4.800  5.6848855E-02
     4.900  5.7236498E-02
     5.000  5.7619448E-02
     5.100  5.7997443E-02
     5.200  5.8370233E-02
     5.300  5.8737587E-02
     5.400  5.9099292E-02
     5.500  5.9455156E-02
     5.600  5.9805008E-02
     5.700  6.0148699E-02
     5.800  6.0486103E-02
     5.900  6.0817117E-02
     6.000  6.1141661E-02
     6.100  6.1459678E-02
     6.200  6.1771133E-02
     6.300  6.2076012E-02
     6.400  6.2374319E-02
     6.500  6.2666079E-02
     6.600  6.2951335E-02
     6.700  6.3230142E-02
     6.800  6.3502572E-02
     6.900  6.3768708E-02
     7.000  6.4028643E-02
     7.100  6.4282479E-02
     7.200  6.4530326E-02
     7.300  6.4772297E-02
     7.400  6.5008510E-02
     7.500  6.5239084E-02
     7.600  6.5464141E-02
     7.700  6.5683799E-02
     7.800  6.5898178E-02
     7.900  6.6107393E-02
     8.000  6.6311555E-02
     8.100  6.6510773E-02
     8.200  6.6705150E-02
     8.300  6.6894785E-02
     8.400  6.7079771E-02
     8.500  6.7260198E-02
     8.600  6.7436149E-02
     8.700  6.7607703E-02
     8.800  6.7774935E-02
     8.900  6.7937913E-02
     9.000  6.8096704E-02
     9.100  6.8251368E-02
     9.200  6.8401960E-02
     9.300  6.8548530E-02
     9.400  6.8691126E-02
     9.500  6.8829791E-02
     9.600  6.8964564E-02
     9.700  6.9095484E-02
     9.800  6.9222591E-02
     9.900  6.9345925E-02
    10.000  6.9465529E-02
    10.200  6.9693746E-02
    10.400  6.9907684E-02
    10.600  7.0107855E-02
    10.800  7.0294827E-02
    11.000  7.0469204E-02
    11.200  7.0631628E-02
    11.400  7.0782785E-02
    11.600  7.0923412E-02
    11.800  7.1054295E-02
    12.000  7.1176256E-02
    12.200  7.1290136E-02
    12.400  7.1396773E-02
    12.600  7.1496987E-02
    12.800  7.1591566E-02
    13.000  7.1681253E-02
    13.200  7.1766738E-02
    13.400  7.1848654E-02
    13.600  7.1927576E-02
    13.800  7.2004021E-02
    14.000  7.2078451E-02
    14.200  7.2151284E-02
    14.400  7.2222901E-02
    14.600  7.2293653E-02
    14.800  7.2363874E-02
    15.000  7.2433889E-02
    15.200  7.2504020E-02
    15.400  7.2574596E-02
    15.600  7.2645959E-02
    15.800  7.2718463E-02
    16.000  7.2792477E-02
    16.200  7.2868387E-02
    16.400  7.2946591E-02
    16.600  7.3027496E-02
    16.800  7.3111518E-02
    17.000  7.3199073E-02
    17.200  7.3290573E-02
    17.400  7.3386421E-02
    17.600  7.3487008E-02
    17.800  7.3592707E-02
    18.000  7.3703867E-02
    18.200  7.3820813E-02
    18.400  7.3943838E-02
    18.600  7.4073205E-02
    18.800  7.4209140E-02
    19.000  7.4351835E-02
    19.200  7.4501441E-02
    19.400  7.4658070E-02
    19.600  7.4821792E-02
    19.800  7.4992635E-02
    20.000  7.5170584E-02
    20.200  7.5355581E-02
    20.400  7.5547524E-02
    20.600  7.5746269E-02
    20.800  7.5951626E-02
    21.000  7.6163366E-02
    21.200  7.6381217E-02
    21.400  7.6604865E-02
    21.600  7.6833960E-02
    21.800  7.7068113E-02
    22.000  7.7306900E-02
    22.200  7.7549863E-02
    22.400  7.7796513E-02
    22.600  7.8046331E-02
    22.800  7.8298769E-02
    23.000  7.8553256E-02
    23.200  7.8809193E-02
    23.400  7.9065964E-02
    23.600  7.9322927E-02
    23.800  7.9579427E-02
    24.000  7.9834787E-02
    24.200  8.0088318E-02
    24.400  8.0339314E-02
    24.600  8.0587059E-02
    24.800  8.0830825E-02
    25.000  8.1069878E-02
    25.200  8.1303476E-02
    25.400  8.1530872E-02
    25.600  8.1751320E-02
    25.800  8.1964077E-02
    26.000  8.2168404E-02
    26.200  8.2363572E-02
    26.400  8.2548867E-02
    26.600  8.2723590E-02
    26.800  8.2887071E-02
    27.000  8.3038662E-02
    27.200  8.3177752E-02
    27.400  8.3303767E-02
    27.600  8.3416179E-02
    27.800  8.3514505E-02
    28.000  8.3598319E-02
    28.200  8.3667251E-02
    28.400  8.3720992E-02
    28.600  8.3759301E-02
    28.800  8.3782003E-02
    29.000  8.3788995E-02
    29.200  8.3780245E-02
    29.400  8.3755793E-02
    29.600  8.3715754E-02
    29.800  8.3660311E-02
    30.000  8.3589722E-02
    30.200  8.3504309E-02
    30.400  8.3404460E-02
    30.600  8.3290625E-02
    30.800  8.3163312E-02
    31.000  8.3023082E-02
    31.200  8.2870542E-02
    31.400  8.2706345E-02
    31.600  8.2531179E-02
    31.800  8.2345766E-02
    32.000  8.2150853E-02
    32.200  8.1947210E-02
    32.400  8.1735621E-02
    32.600  8.1516881E-02
    32.800  8.1291790E-02
    33.000  8.1061147E-02
    33.200  8.0825749E-02
    33.400  8.0586382E-02
    33.600  8.0343820E-02
    33.800  8.0098820E-02
    34.000  7.9852118E-02
    34.200  7.9604429E-02
    34.400  7.9356438E-02
    34.600  7.9108805E-02
    34.800  7.8862157E-02
    35.000  7.8617088E-02
    35.200  7.8374159E-02
    35.400  7.8133895E-02
    35.600  7.7896784E-02
    35.800  7.7663277E-02
    36.000  7.7433788E-02
    36.200  7.7208694E-02
    36.400  7.6988332E-02
    36.600  7.6773006E-02
    36.800  7.6562979E-02
    37.000  7.6358482E-02
    37.200  7.6159711E-02
    37.400  7.5966827E-02
    37.600  7.5779964E-02
    37.800  7.5599225E-02
    38.000  7.5424689E-02
    38.200  7.5256410E-02
    38.400  7.5094416E-02
    38.600  7.4938703E-02
    38.800  7.4789236E-02
    39.000  7.4645945E-02
    39.200  7.4508747E-02
    39.400  7.4377564E-02
    39.600  7.4252344E-02
    39.800  7.4133060E-02
    40.000  7.4019681E-02
    40.600  7.3713862E-02
    41.200  7.3455619E-02
    41.800  7.3241845E-02
    42.400  7.3071351E-02
    43.000  7.2942846E-02
    43.600  7.2855744E-02
    44.200  7.2810430E-02
    44.800  7.2808163E-02
    45.400  7.2850944E-02
    46.000  7.2941334E-02
    46.600  7.3082229E-02
    47.200  7.3276610E-02
    47.800  7.3527258E-02
    48.400  7.3836466E-02
    49.000  7.4205743E-02
    49.600  7.4635533E-02
    50.200  7.5124957E-02
    50.800  7.5671600E-02
    51.400  7.6271347E-02
    52.000  7.6918299E-02
    52.600  7.7604764E-02
    53.200  7.8321345E-02
    53.800  7.9057121E-02
    54.400  7.9799928E-02
    55.000  8.0536724E-02
    55.600  8.1254028E-02
    56.200  8.1938410E-02
    56.800  8.2576998E-02
    57.400  8.3157981E-02
    58.000  8.3671059E-02
    58.600  8.4107830E-02
    59.200  8.4462077E-02
    59.800  8.4729948E-02
    60.400  8.4910025E-02
    61.000  8.5003278E-02
    61.600  8.5012914E-02
    62.200  8.4944143E-02
    62.800  8.4803869E-02
    63.400  8.4600341E-02
    64.000  8.4342774E-02
    64.600  8.4040977E-02
    65.200  8.3704987E-02
    65.800  8.3344753E-02
    66.400  8.2969842E-02
    67.000  8.2589213E-02
    67.600  8.2211026E-02
    68.200  8.1842502E-02
    68.800  8.1489833E-02
    69.400  8.1158125E-02
    70.000  8.0851380E-02
    70.600  8.0572510E-02
    71.200  8.0323379E-02
    71.800  8.0104873E-02
    72.400  7.9916991E-02
    73.000  7.9758956E-02
    73.600  7.9629348E-02
    74.200  7.9526250E-02
    74.800  7.9447402E-02
    75.400  7.9390362E-02
    76.000  7.9352663E-02
    76.600  7.9331955E-02
    77.200  7.9326122E-02
    77.800  7.9333372E-02
    78.400  7.9352288E-02
    79.000  7.9381836E-02
    79.600  7.9421343E-02
    80.200  7.9470438E-02
    80.800  7.9528976E-02
    81.400  7.9596953E-02
    82.000  7.9674414E-02
    82.600  7.9761383E-02
    83.200  7.9857800E-02
    83.800  7.9963477E-02
    84.400  8.0078077E-02
    85.000  8.0201103E-02
    85.600  8.0331894E-02
    86.200  8.0469631E-02
    86.800  8.0613339E-02
    87.400  8.0761883E-02
    88.000  8.0913969E-02
    88.600  8.1068130E-02
    89.200  8.1222719E-02
    89.800  8.1375902E-02
    90.400  8.1525658E-02
    91.000  8.1669790E-02
    91.600  8.1805945E-02
    92.200  8.1931654E-02
    92.800  8.2044377E-02
    93.400  8.2141566E-02
    94.000  8.2220726E-02
    94.600  8.2279490E-02
    95.200  8.2315681E-02
    95.800  8.2327376E-02
    96.400  8.2312955E-02
    97.000  8.2271138E-02
    97.600  8.2201014E-02
    98.200  8.2102050E-02
    98.800  8.1974091E-02
    99.400  8.1817346E-02
   100.000  8.1632376E-02
   100.600  8.1420067E-02
   101.200  8.1181602E-02
   101.800  8.0918436E-02
   102.400  8.0632269E-02
   103.000  8.0325015E-02
   103.600  7.9998781E-02
   104.200  7.9655831E-02
   104.800  7.9298564E-02
   105.400  7.8929482E-02
   106.000  7.8551151E-02
   106.600  7.8166170E-02
   107.200  7.7777131E-02
   107.800  7.7386578E-02
   108.400  7.6996970E-02
   109.000  7.6610642E-02
   109.600  7.6229773E-02
   110.200  7.5856356E-02
   110.800  7.5492173E-02
   111.400  7.5138780E-02
   112.000  7.4797495E-02
   112.600  7.4469394E-02
   113.200  7.4155311E-02
   113.800  7.3855845E-02
   114.400  7.3571374E-02
   115.000  7.3302065E-02
   115.600  7.3047894E-02
   116.200  7.2808669E-02
   116.800  7.2584044E-02
   117.400  7.2373559E-02
   118.000  7.2176907E-02
   118.600  7.1996760E-02
   119.200  7.1846959E-02
   119.800  7.1744752E-02
