# Facility: NSLS-II
# Beamline: ISS (8-ID)
# Year: 2019
# Cycle: 1
# SAF: 303577
# PI: Lauren Pincus
# Proposal: 303958
# Scan ID: 90161
# UID: 3062a269-3704-4913-811c-0820378e8e58
# Comment: 
# Trajectory name: As_Lauren.txt
# Element: As
# Edge: K
# E0: 11867
# Start time: 02/06/2019  12:52:53
# Stop time: 02/06/2019  12:53:25
# Total time: 00:31
#
# # energy  i0  ir  it  iff  pba2_adc7
11686.059260 -1.051840e-05 -1.382854e-05 -1.805070e-06 -1.879604e-07 5.047397e-05
11691.059260 -2.081270e-05 -2.744341e-05 -3.579992e-06 -3.696536e-07 1.299013e-04
11696.059260 -2.104325e-05 -2.773166e-05 -3.613409e-06 -3.702706e-07 1.114392e-04
11701.059260 -2.100807e-05 -2.779328e-05 -3.617245e-06 -3.662378e-07 9.904238e-05
11706.059260 -2.096784e-05 -2.780314e-05 -3.614681e-06 -3.623645e-07 9.314315e-05
11711.059260 -2.097482e-05 -2.783470e-05 -3.614511e-06 -3.595441e-07 1.058992e-04
11716.059260 -2.085770e-05 -2.765990e-05 -3.587179e-06 -3.547552e-07 8.787953e-05
11721.059260 -2.087199e-05 -2.780178e-05 -3.601630e-06 -3.523655e-07 9.430383e-05
11726.059260 -2.089211e-05 -2.785955e-05 -3.605545e-06 -3.505184e-07 9.126386e-05
11731.059260 -2.078985e-05 -2.783326e-05 -3.598627e-06 -3.463391e-07 8.253949e-05
11736.059260 -2.088051e-05 -2.804262e-05 -3.621395e-06 -3.455781e-07 8.107607e-05
11741.059260 -2.093434e-05 -2.820819e-05 -3.639183e-06 -3.443263e-07 7.965219e-05
11746.059260 -2.091180e-05 -2.827360e-05 -3.643737e-06 -3.419183e-07 8.715989e-05
11751.059260 -2.089287e-05 -2.832563e-05 -3.647326e-06 -3.396888e-07 1.172093e-04
11756.059260 -2.084976e-05 -2.830557e-05 -3.640854e-06 -3.372646e-07 1.194899e-04
11761.059260 -2.081936e-05 -2.829024e-05 -3.634890e-06 -3.351315e-07 9.670139e-05
11766.059260 -2.078289e-05 -2.827495e-05 -3.629123e-06 -3.330357e-07 9.105732e-05
11771.059260 -2.073422e-05 -2.828868e-05 -3.627130e-06 -3.307230e-07 9.403561e-05
11776.059260 -2.063872e-05 -2.821089e-05 -3.613052e-06 -3.277813e-07 9.735275e-05
11781.059260 -2.069355e-05 -2.836826e-05 -3.628632e-06 -3.273510e-07 9.999588e-05
11786.059260 -2.072368e-05 -2.848905e-05 -3.640943e-06 -3.265362e-07 9.344195e-05
11791.059260 -2.065622e-05 -2.849515e-05 -3.637957e-06 -3.243379e-07 8.748742e-05
11796.059260 -2.069553e-05 -2.865919e-05 -3.655328e-06 -3.237629e-07 8.718377e-05
11801.059260 -2.067650e-05 -2.871144e-05 -3.658643e-06 -3.224903e-07 8.643499e-05
11806.059260 -2.060773e-05 -2.870184e-05 -3.654103e-06 -3.205551e-07 1.006571e-04
11811.059260 -2.058846e-05 -2.875594e-05 -3.657339e-06 -3.194645e-07 1.245244e-04
11816.059260 -2.062002e-05 -2.888680e-05 -3.670903e-06 -3.192265e-07 1.074830e-04
11821.059260 -2.060340e-05 -2.894376e-05 -3.675452e-06 -3.184979e-07 1.162164e-04
11826.059260 -2.059183e-05 -2.899207e-05 -3.678409e-06 -3.178566e-07 1.334548e-04
11831.059260 -2.059132e-05 -2.909212e-05 -3.688632e-06 -3.175884e-07 1.063046e-04
11837.000000 -2.057005e-05 -2.917051e-05 -3.696159e-06 -3.175452e-07 1.179928e-04
11838.000000 -2.055835e-05 -2.918548e-05 -3.697300e-06 -3.175034e-07 1.227653e-04
11839.000000 -2.056217e-05 -2.921255e-05 -3.700390e-06 -3.176987e-07 1.047692e-04
11840.000000 -2.055962e-05 -2.919834e-05 -3.698818e-06 -3.177469e-07 1.269554e-04
11841.000000 -2.054704e-05 -2.916165e-05 -3.693649e-06 -3.178374e-07 1.371376e-04
11842.000000 -2.053243e-05 -2.916358e-05 -3.692793e-06 -3.179817e-07 1.274129e-04
11843.000000 -2.050457e-05 -2.912775e-05 -3.687375e-06 -3.177882e-07 1.069640e-04
11844.000000 -2.048452e-05 -2.910308e-05 -3.684521e-06 -3.179481e-07 1.340092e-04
11844.200000 -2.049111e-05 -2.994585e-05 -3.794885e-06 -3.175396e-07 1.357452e-04
11844.400000 -2.047940e-05 -2.881813e-05 -3.649039e-06 -3.184719e-07 1.447127e-04
11844.600000 -2.041948e-05 -2.887287e-05 -3.652823e-06 -3.172953e-07 1.481671e-04
11844.800000 -2.048603e-05 -2.953974e-05 -3.742245e-06 -3.181237e-07 1.378595e-04
11845.000000 -2.050308e-05 -2.866684e-05 -3.628867e-06 -3.193549e-07 1.437595e-04
11845.200000 -2.045740e-05 -2.969010e-05 -3.761104e-06 -3.177141e-07 1.395476e-04
11845.400000 -2.051525e-05 -2.888810e-05 -3.656510e-06 -3.197571e-07 1.163046e-04
11845.600000 -2.050957e-05 -2.861754e-05 -3.619934e-06 -3.199325e-07 1.082500e-04
11845.800000 -2.050533e-05 -3.016630e-05 -3.822881e-06 -3.180910e-07 1.078694e-04
11846.000000 -2.051133e-05 -2.864585e-05 -3.624502e-06 -3.202515e-07 1.353273e-04
11846.200000 -2.044343e-05 -2.929091e-05 -3.705458e-06 -3.183576e-07 1.401953e-04
11846.400000 -2.046899e-05 -2.920105e-05 -3.697989e-06 -3.192115e-07 1.338906e-04
11846.600000 -2.054329e-05 -2.886555e-05 -3.652804e-06 -3.210303e-07 1.517551e-04
11846.800000 -2.050165e-05 -2.971146e-05 -3.761964e-06 -3.197973e-07 1.550099e-04
11847.000000 -2.054380e-05 -2.916387e-05 -3.691512e-06 -3.210592e-07 1.417682e-04
11847.200000 -2.054243e-05 -2.869915e-05 -3.628939e-06 -3.215646e-07 1.073587e-04
11847.400000 -2.043235e-05 -3.032209e-05 -3.843921e-06 -3.178453e-07 1.176747e-04
11847.600000 -2.036221e-05 -2.753133e-05 -3.478980e-06 -3.200345e-07 9.968628e-05
11847.800000 -2.044915e-05 -3.027698e-05 -3.838447e-06 -3.190349e-07 1.042584e-04
11848.000000 -2.050854e-05 -2.883702e-05 -3.651036e-06 -3.217361e-07 1.238774e-04
11848.200000 -2.046942e-05 -2.903345e-05 -3.672635e-06 -3.212496e-07 1.389504e-04
11848.400000 -2.049644e-05 -2.964946e-05 -3.755630e-06 -3.213887e-07 1.276772e-04
11848.600000 -2.054799e-05 -2.837213e-05 -3.588821e-06 -3.236453e-07 1.468734e-04
11848.800000 -2.046690e-05 -2.990622e-05 -3.788247e-06 -3.209905e-07 1.376662e-04
11849.000000 -2.048020e-05 -2.896598e-05 -3.666880e-06 -3.223459e-07 1.000074e-04
11849.200000 -2.050403e-05 -2.868046e-05 -3.626906e-06 -3.232583e-07 1.080101e-04
11849.400000 -2.031613e-05 -3.007075e-05 -3.812682e-06 -3.194894e-07 9.535053e-05
11849.600000 -2.035492e-05 -2.784229e-05 -3.517967e-06 -3.224398e-07 1.225234e-04
11849.800000 -2.052346e-05 -2.990695e-05 -3.787822e-06 -3.236814e-07 1.386548e-04
11850.000000 -2.045226e-05 -2.885614e-05 -3.651904e-06 -3.238860e-07 1.327305e-04
11850.200000 -2.050725e-05 -2.907066e-05 -3.677177e-06 -3.247620e-07 1.236557e-04
11850.400000 -2.047299e-05 -2.985940e-05 -3.781557e-06 -3.236811e-07 1.386134e-04
11850.600000 -2.033300e-05 -2.794213e-05 -3.533386e-06 -3.237173e-07 1.542798e-04
11850.800000 -2.042343e-05 -2.947456e-05 -3.731833e-06 -3.243940e-07 1.505304e-04
11851.000000 -2.046116e-05 -2.931223e-05 -3.711353e-06 -3.252514e-07 1.398108e-04
11851.200000 -2.046605e-05 -2.918696e-05 -3.693275e-06 -3.261038e-07 1.401983e-04
11851.400000 -2.050492e-05 -2.906882e-05 -3.678578e-06 -3.272734e-07 1.183893e-04
11851.600000 -2.053690e-05 -2.890008e-05 -3.655284e-06 -3.285609e-07 1.093480e-04
11851.800000 -2.053512e-05 -2.943075e-05 -3.725538e-06 -3.287004e-07 1.119408e-04
11852.000000 -2.049753e-05 -2.902087e-05 -3.673394e-06 -3.292564e-07 1.063159e-04
11852.200000 -2.048291e-05 -2.939954e-05 -3.723019e-06 -3.291709e-07 1.135899e-04
11852.400000 -2.052583e-05 -2.906443e-05 -3.676615e-06 -3.311807e-07 8.764658e-05
11852.600000 -2.053142e-05 -2.897746e-05 -3.666231e-06 -3.317162e-07 9.547497e-05
11852.800000 -2.051806e-05 -2.927046e-05 -3.704767e-06 -3.322828e-07 1.061618e-04
11853.000000 -2.043787e-05 -2.876810e-05 -3.640332e-06 -3.323074e-07 8.751925e-05
11853.200000 -2.045608e-05 -2.937690e-05 -3.718912e-06 -3.333079e-07 8.203682e-05
11853.400000 -2.051150e-05 -2.898456e-05 -3.667750e-06 -3.356678e-07 7.920321e-05
11853.600000 -2.048082e-05 -2.894453e-05 -3.661174e-06 -3.363189e-07 8.947051e-05
11853.800000 -2.047297e-05 -2.899383e-05 -3.669873e-06 -3.378748e-07 8.634944e-05
11854.000000 -2.046095e-05 -2.897450e-05 -3.667446e-06 -3.390217e-07 8.034134e-05
11854.200000 -2.046756e-05 -2.947050e-05 -3.730867e-06 -3.401550e-07 9.016475e-05
11854.400000 -2.051257e-05 -2.864041e-05 -3.621513e-06 -3.437015e-07 8.441741e-05
11854.600000 -2.049474e-05 -2.906351e-05 -3.676905e-06 -3.445999e-07 8.210751e-05
11854.800000 -2.047373e-05 -2.906020e-05 -3.679007e-06 -3.466505e-07 8.407015e-05
11855.000000 -2.050406e-05 -2.917758e-05 -3.694386e-06 -3.494449e-07 7.895502e-05
11855.200000 -2.052577e-05 -2.904169e-05 -3.675925e-06 -3.528498e-07 8.047282e-05
11855.400000 -2.049007e-05 -2.867427e-05 -3.629518e-06 -3.558053e-07 1.074881e-04
11855.600000 -2.052496e-05 -2.944475e-05 -3.730542e-06 -3.590129e-07 1.087787e-04
11855.800000 -2.047003e-05 -2.846352e-05 -3.601717e-06 -3.633518e-07 1.036505e-04
11856.000000 -2.050665e-05 -2.951220e-05 -3.737716e-06 -3.662442e-07 8.444852e-05
11856.200000 -2.049062e-05 -2.865322e-05 -3.626030e-06 -3.727667e-07 7.888271e-05
11856.400000 -2.052336e-05 -2.902172e-05 -3.671765e-06 -3.778066e-07 7.896252e-05
11856.600000 -2.050711e-05 -2.892694e-05 -3.660586e-06 -3.842749e-07 9.010968e-05
11856.800000 -2.049321e-05 -2.894355e-05 -3.663207e-06 -3.908813e-07 1.378933e-04
11857.000000 -2.051776e-05 -2.885692e-05 -3.651444e-06 -3.991056e-07 1.405158e-04
11857.200000 -2.048285e-05 -2.844495e-05 -3.596336e-06 -4.076730e-07 1.275076e-04
11857.400000 -2.049043e-05 -2.904417e-05 -3.676680e-06 -4.158685e-07 9.653405e-05
11857.600000 -2.048730e-05 -2.863635e-05 -3.623561e-06 -4.275300e-07 8.076445e-05
11857.800000 -2.050330e-05 -2.874250e-05 -3.638062e-06 -4.390675e-07 9.174504e-05
11858.000000 -2.046715e-05 -2.857612e-05 -3.617944e-06 -4.511801e-07 1.096310e-04
11858.200000 -2.047672e-05 -2.848839e-05 -3.604256e-06 -4.656726e-07 9.999833e-05
11858.400000 -2.045761e-05 -2.840676e-05 -3.594565e-06 -4.807136e-07 1.135862e-04
11858.600000 -2.046807e-05 -2.854245e-05 -3.614628e-06 -4.978537e-07 1.002829e-04
11858.800000 -2.045197e-05 -2.816955e-05 -3.564596e-06 -5.164944e-07 1.015221e-04
11859.000000 -2.045070e-05 -2.815064e-05 -3.562922e-06 -5.369005e-07 9.302974e-05
11859.200000 -2.043012e-05 -2.825340e-05 -3.578628e-06 -5.567982e-07 1.060820e-04
11859.400000 -2.043414e-05 -2.809140e-05 -3.557416e-06 -5.814204e-07 1.145104e-04
11859.600000 -2.042009e-05 -2.767951e-05 -3.503190e-06 -6.085871e-07 1.046678e-04
11859.800000 -2.041368e-05 -2.809273e-05 -3.558213e-06 -6.321413e-07 9.127097e-05
11860.000000 -2.034588e-05 -2.717855e-05 -3.439521e-06 -6.633171e-07 9.901562e-05
11860.200000 -2.039170e-05 -2.787601e-05 -3.531705e-06 -6.892746e-07 1.067224e-04
11860.400000 -2.035567e-05 -2.688006e-05 -3.401640e-06 -7.241505e-07 1.053279e-04
11860.600000 -2.039774e-05 -2.762920e-05 -3.498406e-06 -7.504563e-07 8.760385e-05
11860.800000 -2.039702e-05 -2.695824e-05 -3.413487e-06 -7.847686e-07 9.277347e-05
11861.000000 -2.038918e-05 -2.755450e-05 -3.491210e-06 -8.084470e-07 1.034977e-04
11861.200000 -2.033102e-05 -2.625678e-05 -3.322503e-06 -8.377847e-07 1.041814e-04
11861.400000 -2.040311e-05 -2.752933e-05 -3.489658e-06 -8.569483e-07 1.111389e-04
11861.600000 -2.042307e-05 -2.642840e-05 -3.346319e-06 -8.830361e-07 9.664099e-05
11861.800000 -2.042856e-05 -2.746905e-05 -3.482851e-06 -8.929175e-07 1.141566e-04
11862.000000 -2.036551e-05 -2.621872e-05 -3.319311e-06 -9.044134e-07 1.110232e-04
11862.200000 -2.044486e-05 -2.716295e-05 -3.443715e-06 -9.102787e-07 1.072670e-04
11862.400000 -2.033690e-05 -2.650551e-05 -3.358372e-06 -9.077783e-07 1.014241e-04
11862.600000 -2.037530e-05 -2.677868e-05 -3.394169e-06 -9.031221e-07 8.628518e-05
11862.800000 -2.045391e-05 -2.725161e-05 -3.454848e-06 -8.975393e-07 9.734493e-05
11863.000000 -2.038180e-05 -2.642171e-05 -3.346587e-06 -8.796333e-07 1.102423e-04
11863.200000 -2.045083e-05 -2.768532e-05 -3.511566e-06 -8.674655e-07 9.538441e-05
11863.400000 -2.030319e-05 -2.632240e-05 -3.333259e-06 -8.393735e-07 8.917804e-05
11863.600000 -2.043202e-05 -2.771282e-05 -3.514917e-06 -8.259988e-07 8.676548e-05
11863.800000 -2.038318e-05 -2.674270e-05 -3.387347e-06 -7.990443e-07 9.664179e-05
11864.000000 -2.042426e-05 -2.763241e-05 -3.503012e-06 -7.794746e-07 9.831831e-05
11864.200000 -2.044359e-05 -2.746691e-05 -3.481474e-06 -7.569612e-07 1.075067e-04
11864.400000 -2.041949e-05 -2.724505e-05 -3.452024e-06 -7.350051e-07 1.191831e-04
11864.600000 -2.048623e-05 -2.810958e-05 -3.565101e-06 -7.182271e-07 1.064762e-04
11864.800000 -2.043632e-05 -2.734192e-05 -3.464565e-06 -6.973089e-07 1.126214e-04
11865.000000 -2.047775e-05 -2.782807e-05 -3.526975e-06 -6.826447e-07 8.771262e-05
11865.200000 -2.049257e-05 -2.786029e-05 -3.530604e-06 -6.689994e-07 8.427519e-05
11865.400000 -2.049127e-05 -2.792972e-05 -3.539104e-06 -6.558411e-07 7.901136e-05
11865.600000 -2.048100e-05 -2.796658e-05 -3.544600e-06 -6.451892e-07 7.933283e-05
11865.800000 -2.046409e-05 -2.784280e-05 -3.527522e-06 -6.356682e-07 9.334572e-05
11866.000000 -2.045807e-05 -2.772839e-05 -3.512688e-06 -6.279864e-07 8.635518e-05
11866.200000 -2.044357e-05 -2.834712e-05 -3.594847e-06 -6.205382e-07 8.068062e-05
11866.400000 -2.044606e-05 -2.783283e-05 -3.524658e-06 -6.154829e-07 1.165701e-04
11866.600000 -2.047371e-05 -2.802447e-05 -3.551481e-06 -6.113270e-07 1.153230e-04
11866.800000 -2.049041e-05 -2.820712e-05 -3.575330e-06 -6.078955e-07 9.906081e-05
11867.000000 -2.042719e-05 -2.772943e-05 -3.513349e-06 -6.032250e-07 1.079997e-04
11867.200000 -2.043951e-05 -2.801660e-05 -3.551320e-06 -6.001470e-07 9.624799e-05
11867.400000 -2.043913e-05 -2.843355e-05 -3.605402e-06 -5.971096e-07 1.199045e-04
11867.600000 -2.048477e-05 -2.787946e-05 -3.532517e-06 -5.967369e-07 1.368778e-04
11867.800000 -2.048606e-05 -2.813141e-05 -3.566094e-06 -5.942067e-07 1.327082e-04
11868.000000 -2.047032e-05 -2.818848e-05 -3.574159e-06 -5.915090e-07 1.237005e-04
11868.200000 -2.043552e-05 -2.808121e-05 -3.558981e-06 -5.886364e-07 1.326841e-04
11868.400000 -2.042225e-05 -2.779085e-05 -3.520925e-06 -5.862033e-07 1.186232e-04
11868.600000 -2.042130e-05 -2.813708e-05 -3.566490e-06 -5.840756e-07 1.234451e-04
11868.800000 -2.047566e-05 -2.824026e-05 -3.580033e-06 -5.836398e-07 1.211165e-04
11869.000000 -2.044566e-05 -2.787730e-05 -3.532890e-06 -5.813692e-07 1.437746e-04
11869.200000 -2.041338e-05 -2.795169e-05 -3.544517e-06 -5.783104e-07 1.406805e-04
11869.400000 -2.037593e-05 -2.810080e-05 -3.563593e-06 -5.752059e-07 1.088226e-04
11869.600000 -2.037231e-05 -2.819578e-05 -3.575717e-06 -5.728864e-07 1.223574e-04
11869.800000 -2.039522e-05 -2.788582e-05 -3.535662e-06 -5.724723e-07 1.479617e-04
11870.000000 -2.028961e-05 -2.754202e-05 -3.491921e-06 -5.682717e-07 1.333180e-04
11870.200000 -2.034811e-05 -2.825621e-05 -3.585173e-06 -5.673306e-07 1.200503e-04
11870.400000 -2.031730e-05 -2.808111e-05 -3.562122e-06 -5.656290e-07 1.240669e-04
11870.600000 -2.042597e-05 -2.779719e-05 -3.523908e-06 -5.678352e-07 1.192484e-04
11870.800000 -2.040656e-05 -2.813372e-05 -3.568492e-06 -5.656841e-07 1.430005e-04
11871.000000 -2.038604e-05 -2.815927e-05 -3.572204e-06 -5.639398e-07 1.220505e-04
11871.200000 -2.041752e-05 -2.804684e-05 -3.557028e-06 -5.635924e-07 1.055420e-04
11871.400000 -2.044270e-05 -2.823745e-05 -3.582934e-06 -5.629646e-07 1.304014e-04
11871.600000 -2.041509e-05 -2.807647e-05 -3.562184e-06 -5.616258e-07 1.182019e-04
11871.800000 -2.044852e-05 -2.826634e-05 -3.587645e-06 -5.620723e-07 1.406750e-04
11872.000000 -2.046270e-05 -2.825750e-05 -3.586328e-06 -5.620414e-07 1.330235e-04
11872.200000 -2.044512e-05 -2.819967e-05 -3.578424e-06 -5.612080e-07 1.270545e-04
11872.400000 -2.044625e-05 -2.824489e-05 -3.584466e-06 -5.608782e-07 1.127458e-04
11872.600000 -2.045149e-05 -2.812485e-05 -3.569039e-06 -5.607929e-07 1.107585e-04
11872.800000 -2.044617e-05 -2.809831e-05 -3.566038e-06 -5.600498e-07 9.444544e-05
11873.000000 -2.041976e-05 -2.802468e-05 -3.557287e-06 -5.594975e-07 1.163364e-04
11873.200000 -2.041984e-05 -2.819302e-05 -3.579322e-06 -5.594337e-07 1.212069e-04
11873.400000 -2.044465e-05 -2.832283e-05 -3.596817e-06 -5.602847e-07 1.105064e-04
11873.600000 -2.043285e-05 -2.814293e-05 -3.573129e-06 -5.600132e-07 1.046834e-04
11873.800000 -2.045795e-05 -2.824920e-05 -3.587418e-06 -5.609586e-07 9.851667e-05
11874.000000 -2.045861e-05 -2.815350e-05 -3.574290e-06 -5.612983e-07 9.545575e-05
11874.200000 -2.045582e-05 -2.821778e-05 -3.583705e-06 -5.612905e-07 1.017195e-04
11874.400000 -2.044122e-05 -2.811486e-05 -3.570288e-06 -5.611936e-07 8.711784e-05
11874.600000 -2.044598e-05 -2.816401e-05 -3.577144e-06 -5.617233e-07 9.230206e-05
11874.800000 -2.044426e-05 -2.810209e-05 -3.569918e-06 -5.621880e-07 8.574710e-05
11875.000000 -2.040131e-05 -2.808322e-05 -3.568014e-06 -5.607710e-07 7.774156e-05
11875.200000 -2.041366e-05 -2.804043e-05 -3.563063e-06 -5.614629e-07 7.356030e-05
11875.400000 -2.039803e-05 -2.805705e-05 -3.565229e-06 -5.612289e-07 9.113275e-05
11875.600000 -2.040578e-05 -2.809619e-05 -3.570681e-06 -5.616300e-07 8.305897e-05
11875.800000 -2.040215e-05 -2.817319e-05 -3.581573e-06 -5.617467e-07 9.247690e-05
11876.000000 -2.030620e-05 -2.807831e-05 -3.570544e-06 -5.589259e-07 9.320529e-05
11876.200000 -2.037685e-05 -2.819165e-05 -3.585500e-06 -5.612248e-07 9.851276e-05
11876.400000 -2.024438e-05 -2.796147e-05 -3.556055e-06 -5.573438e-07 9.960980e-05
11876.600000 -2.019771e-05 -2.785284e-05 -3.542267e-06 -5.563248e-07 1.098750e-04
11876.800000 -2.027836e-05 -2.798886e-05 -3.559558e-06 -5.589235e-07 1.212453e-04
11877.000000 -2.030946e-05 -2.785455e-05 -3.542725e-06 -5.601270e-07 1.131139e-04
11877.200000 -2.033645e-05 -2.793938e-05 -3.554139e-06 -5.605964e-07 1.145431e-04
11877.400000 -2.033285e-05 -2.789220e-05 -3.548033e-06 -5.604735e-07 1.073981e-04
11877.600000 -2.036092e-05 -2.796921e-05 -3.558129e-06 -5.613475e-07 1.013206e-04
11877.800000 -2.037785e-05 -2.788296e-05 -3.547315e-06 -5.618040e-07 1.041849e-04
11878.000000 -2.035996e-05 -2.796670e-05 -3.558023e-06 -5.608169e-07 1.039563e-04
11878.200000 -2.037290e-05 -2.806896e-05 -3.572930e-06 -5.608186e-07 1.165482e-04
11878.400000 -2.036632e-05 -2.815823e-05 -3.585517e-06 -5.602929e-07 1.343804e-04
11878.600000 -2.036588e-05 -2.808685e-05 -3.577145e-06 -5.600315e-07 1.158258e-04
11878.800000 -2.037288e-05 -2.809165e-05 -3.578384e-06 -5.600652e-07 1.110403e-04
11879.000000 -2.039112e-05 -2.808233e-05 -3.576884e-06 -5.601180e-07 1.119910e-04
11879.200000 -2.040331e-05 -2.814045e-05 -3.585260e-06 -5.600122e-07 1.050993e-04
11879.400000 -2.036276e-05 -2.819173e-05 -3.592594e-06 -5.584459e-07 1.001253e-04
11879.600000 -2.033495e-05 -2.826060e-05 -3.601754e-06 -5.568606e-07 8.570651e-05
11879.800000 -2.038842e-05 -2.827100e-05 -3.603929e-06 -5.578026e-07 1.039562e-04
11880.000000 -2.040292e-05 -2.809778e-05 -3.581262e-06 -5.578694e-07 1.242644e-04
11880.200000 -2.039440e-05 -2.789063e-05 -3.554784e-06 -5.573457e-07 1.250835e-04
11880.400000 -2.037924e-05 -2.801909e-05 -3.572338e-06 -5.562063e-07 1.305873e-04
11880.600000 -2.045169e-05 -2.798324e-05 -3.568964e-06 -5.580369e-07 1.156672e-04
11880.800000 -2.042557e-05 -2.791161e-05 -3.560954e-06 -5.567651e-07 1.348926e-04
11881.000000 -2.046844e-05 -2.760314e-05 -3.521092e-06 -5.578211e-07 1.421987e-04
11881.200000 -2.050254e-05 -2.780663e-05 -3.548444e-06 -5.577262e-07 1.392121e-04
11881.400000 -2.051248e-05 -2.773008e-05 -3.538687e-06 -5.573272e-07 1.427582e-04
11881.600000 -2.050011e-05 -2.774800e-05 -3.542024e-06 -5.559776e-07 1.453977e-04
11881.800000 -2.048714e-05 -2.769262e-05 -3.534990e-06 -5.549614e-07 1.394954e-04
11882.000000 -2.049992e-05 -2.774206e-05 -3.542322e-06 -5.543083e-07 1.395604e-04
11882.200000 -2.048354e-05 -2.765747e-05 -3.531742e-06 -5.531486e-07 1.479760e-04
11882.400000 -2.051528e-05 -2.786444e-05 -3.559416e-06 -5.527473e-07 1.471526e-04
11882.600000 -2.050350e-05 -2.786052e-05 -3.559774e-06 -5.513658e-07 1.454773e-04
11882.800000 -2.046132e-05 -2.769238e-05 -3.539213e-06 -5.492926e-07 1.538524e-04
11883.000000 -2.050749e-05 -2.776503e-05 -3.549591e-06 -5.497071e-07 1.510717e-04
11883.200000 -2.050772e-05 -2.782243e-05 -3.557565e-06 -5.488213e-07 1.484129e-04
11883.400000 -2.048502e-05 -2.776159e-05 -3.550827e-06 -5.468760e-07 1.404476e-04
11883.600000 -2.044556e-05 -2.773431e-05 -3.548186e-06 -5.446186e-07 1.124933e-04
11883.800000 -2.045004e-05 -2.768848e-05 -3.543394e-06 -5.439618e-07 1.158598e-04
11884.000000 -2.045741e-05 -2.766888e-05 -3.541354e-06 -5.429921e-07 1.266193e-04
11884.200000 -2.049291e-05 -2.770588e-05 -3.546798e-06 -5.429229e-07 1.275221e-04
11884.400000 -2.051460e-05 -2.784027e-05 -3.565586e-06 -5.423522e-07 1.271363e-04
11884.600000 -2.047911e-05 -2.789719e-05 -3.574160e-06 -5.400736e-07 1.199474e-04
11884.800000 -2.043404e-05 -2.766973e-05 -3.545424e-06 -5.379052e-07 1.209657e-04
11885.000000 -2.048033e-05 -2.768145e-05 -3.547480e-06 -5.381395e-07 1.311229e-04
11885.200000 -2.051693e-05 -2.778112e-05 -3.561399e-06 -5.380114e-07 1.415676e-04
11885.400000 -2.052851e-05 -2.777220e-05 -3.560663e-06 -5.370184e-07 1.232087e-04
11885.600000 -2.054547e-05 -2.779584e-05 -3.565011e-06 -5.361636e-07 1.296195e-04
11885.800000 -2.053734e-05 -2.779858e-05 -3.567283e-06 -5.347561e-07 1.339413e-04
11886.000000 -2.053814e-05 -2.782841e-05 -3.571773e-06 -5.336111e-07 1.257893e-04
11886.200000 -2.051997e-05 -2.774667e-05 -3.562498e-06 -5.318030e-07 1.195805e-04
11886.400000 -2.050777e-05 -2.774053e-05 -3.562971e-06 -5.303035e-07 1.224753e-04
11886.600000 -2.047094e-05 -2.767672e-05 -3.555673e-06 -5.279399e-07 1.332699e-04
11886.800000 -2.050991e-05 -2.771374e-05 -3.561121e-06 -5.274651e-07 1.286566e-04
11887.000000 -2.048510e-05 -2.772256e-05 -3.563753e-06 -5.255180e-07 1.161346e-04
11887.200000 -2.047922e-05 -2.775269e-05 -3.569135e-06 -5.237974e-07 1.403894e-04
11887.400000 -2.046343e-05 -2.762793e-05 -3.553960e-06 -5.219389e-07 1.518172e-04
11887.600000 -2.048009e-05 -2.776771e-05 -3.573829e-06 -5.210769e-07 1.438862e-04
11887.800000 -2.050231e-05 -2.772745e-05 -3.569904e-06 -5.199894e-07 1.403239e-04
11888.000000 -2.049174e-05 -2.776309e-05 -3.576363e-06 -5.182378e-07 1.383625e-04
11888.200000 -2.049227e-05 -2.772928e-05 -3.572336e-06 -5.169080e-07 1.359999e-04
11888.400000 -2.052741e-05 -2.781100e-05 -3.584852e-06 -5.163757e-07 1.116207e-04
11888.600000 -2.053151e-05 -2.785888e-05 -3.592745e-06 -5.147847e-07 1.239748e-04
11888.800000 -2.053215e-05 -2.777179e-05 -3.583709e-06 -5.133726e-07 1.357659e-04
11889.000000 -2.053384e-05 -2.774150e-05 -3.580519e-06 -5.118035e-07 1.384430e-04
11889.200000 -2.050563e-05 -2.782737e-05 -3.594126e-06 -5.094249e-07 1.267517e-04
11889.400000 -2.050532e-05 -2.771508e-05 -3.580763e-06 -5.079512e-07 1.435733e-04
11889.600000 -2.052216e-05 -2.769686e-05 -3.580281e-06 -5.068028e-07 1.402760e-04
11889.800000 -2.052967e-05 -2.770032e-05 -3.582632e-06 -5.058032e-07 1.477120e-04
11890.000000 -2.052318e-05 -2.775162e-05 -3.591009e-06 -5.042024e-07 1.497442e-04
11890.200000 -2.052562e-05 -2.764669e-05 -3.578738e-06 -5.028559e-07 1.209285e-04
11890.400000 -2.051812e-05 -2.764290e-05 -3.580519e-06 -5.012790e-07 1.034606e-04
11890.600000 -2.048266e-05 -2.758424e-05 -3.574727e-06 -4.988567e-07 1.063157e-04
11890.800000 -2.050471e-05 -2.766696e-05 -3.586792e-06 -4.978263e-07 1.251084e-04
11891.000000 -2.051718e-05 -2.775222e-05 -3.600432e-06 -4.968938e-07 1.184535e-04
11891.200000 -2.051540e-05 -2.766598e-05 -3.591019e-06 -4.952679e-07 1.229141e-04
11891.400000 -2.051119e-05 -2.763417e-05 -3.589809e-06 -4.940565e-07 1.187970e-04
11891.600000 -2.053478e-05 -2.765360e-05 -3.594557e-06 -4.932957e-07 9.964802e-05
11891.800000 -2.052998e-05 -2.761088e-05 -3.591475e-06 -4.918895e-07 1.009321e-04
11892.000000 -2.050064e-05 -2.752938e-05 -3.583337e-06 -4.901009e-07 1.247801e-04
11892.200000 -2.051741e-05 -2.760964e-05 -3.596543e-06 -4.891436e-07 1.169378e-04
11892.400000 -2.053583e-05 -2.775656e-05 -3.619526e-06 -4.884581e-07 1.326690e-04
11892.600000 -2.052397e-05 -2.748405e-05 -3.585025e-06 -4.872577e-07 1.367655e-04
11892.800000 -2.051695e-05 -2.751074e-05 -3.591372e-06 -4.855113e-07 1.315296e-04
11893.000000 -2.052923e-05 -2.762377e-05 -3.610090e-06 -4.849720e-07 1.311723e-04
11893.200000 -2.048695e-05 -2.749363e-05 -3.594154e-06 -4.829958e-07 1.437716e-04
11893.400000 -2.041918e-05 -2.717673e-05 -3.554714e-06 -4.807171e-07 1.512202e-04
11893.600000 -2.049916e-05 -2.746008e-05 -3.596764e-06 -4.813529e-07 1.448248e-04
11893.800000 -2.051932e-05 -2.745892e-05 -3.598557e-06 -4.808301e-07 1.498471e-04
11894.000000 -2.049347e-05 -2.752022e-05 -3.612269e-06 -4.792097e-07 1.551635e-04
11894.200000 -2.047728e-05 -2.710652e-05 -3.559434e-06 -4.784381e-07 1.551768e-04
11894.400000 -2.051664e-05 -2.735040e-05 -3.595819e-06 -4.787440e-07 1.588011e-04
11894.600000 -2.048763e-05 -2.755478e-05 -3.627924e-06 -4.771656e-07 1.571223e-04
11894.800000 -2.052038e-05 -2.730173e-05 -3.597739e-06 -4.774136e-07 1.508501e-04
11895.000000 -2.050005e-05 -2.721571e-05 -3.588783e-06 -4.763307e-07 1.634864e-04
11895.200000 -2.046738e-05 -2.717750e-05 -3.588389e-06 -4.750229e-07 1.554617e-04
11895.400000 -2.049775e-05 -2.720366e-05 -3.595405e-06 -4.751310e-07 1.520633e-04
11895.600000 -2.050949e-05 -2.738216e-05 -3.624828e-06 -4.747243e-07 1.532226e-04
11895.800000 -2.041948e-05 -2.677553e-05 -3.546961e-06 -4.729290e-07 1.514505e-04
11896.000000 -2.048115e-05 -2.708176e-05 -3.593727e-06 -4.732647e-07 1.425188e-04
11896.200000 -2.045411e-05 -2.707322e-05 -3.597090e-06 -4.721631e-07 1.390272e-04
11896.400000 -2.042937e-05 -2.657387e-05 -3.535454e-06 -4.721606e-07 1.470537e-04
11896.600000 -2.044540e-05 -2.692660e-05 -3.588698e-06 -4.719103e-07 1.482721e-04
11896.800000 -2.048264e-05 -2.704884e-05 -3.611725e-06 -4.724631e-07 1.542952e-04
11897.000000 -2.048503e-05 -2.676320e-05 -3.577546e-06 -4.727577e-07 1.437841e-04
11897.200000 -2.047197e-05 -2.675955e-05 -3.584442e-06 -4.722553e-07 1.543815e-04
11897.400000 -2.044989e-05 -2.704721e-05 -3.629387e-06 -4.709544e-07 1.552071e-04
11897.600000 -2.039283e-05 -2.612122e-05 -3.509254e-06 -4.706366e-07 1.551964e-04
11897.800000 -2.046193e-05 -2.684130e-05 -3.615978e-06 -4.713852e-07 1.552144e-04
11898.000000 -2.043477e-05 -2.662929e-05 -3.593653e-06 -4.707651e-07 1.555292e-04
11898.200000 -2.047738e-05 -2.625447e-05 -3.549296e-06 -4.722327e-07 1.602546e-04
11898.400000 -2.045887e-05 -2.658046e-05 -3.603337e-06 -4.713095e-07 1.497322e-04
11898.600000 -2.045280e-05 -2.661026e-05 -3.615953e-06 -4.705024e-07 1.471137e-04
11898.800000 -2.036929e-05 -2.570627e-05 -3.498757e-06 -4.698515e-07 1.413843e-04
11899.000000 -2.048186e-05 -2.681798e-05 -3.665204e-06 -4.713446e-07 1.543107e-04
11899.200000 -2.044983e-05 -2.575453e-05 -3.524438e-06 -4.723215e-07 1.484974e-04
11899.400000 -2.048122e-05 -2.651741e-05 -3.642282e-06 -4.720045e-07 1.537060e-04
11899.600000 -2.040527e-05 -2.567288e-05 -3.533839e-06 -4.714164e-07 1.488436e-04
11899.800000 -2.047886e-05 -2.599711e-05 -3.591243e-06 -4.729134e-07 1.499504e-04
11900.000000 -2.047047e-05 -2.586136e-05 -3.584068e-06 -4.727703e-07 1.526530e-04
11900.700000 -2.046657e-05 -2.547532e-05 -3.578664e-06 -4.738010e-07 1.561818e-04
11901.400000 -2.047554e-05 -2.503914e-05 -3.575468e-06 -4.751627e-07 1.560766e-04
11902.100000 -2.048036e-05 -2.452385e-05 -3.574527e-06 -4.765763e-07 1.529310e-04
11902.800000 -2.041323e-05 -2.380442e-05 -3.559907e-06 -4.762362e-07 1.419143e-04
11903.500000 -2.040085e-05 -2.307680e-05 -3.566274e-06 -4.774005e-07 1.366300e-04
11904.200000 -2.040739e-05 -2.215256e-05 -3.567606e-06 -4.790081e-07 1.131707e-04
11904.900000 -2.048343e-05 -2.107976e-05 -3.574546e-06 -4.825272e-07 1.372954e-04
11905.600000 -2.048227e-05 -1.979728e-05 -3.574108e-06 -4.840440e-07 1.447172e-04
11906.300000 -2.047066e-05 -1.839985e-05 -3.572198e-06 -4.854251e-07 1.501670e-04
11907.993695 -2.043971e-05 -1.529264e-05 -3.571662e-06 -4.883664e-07 1.454963e-04
11908.999583 -2.045294e-05 -1.392847e-05 -3.570638e-06 -4.907872e-07 1.294196e-04
11910.017662 -2.046449e-05 -1.308076e-05 -3.571335e-06 -4.932510e-07 1.214900e-04
11911.047933 -2.045594e-05 -1.262723e-05 -3.570552e-06 -4.950734e-07 1.448819e-04
11912.090396 -2.046479e-05 -1.245155e-05 -3.572886e-06 -4.976341e-07 1.506192e-04
11913.145051 -2.042957e-05 -1.236069e-05 -3.563177e-06 -4.988625e-07 1.523917e-04
11914.211898 -2.042371e-05 -1.231024e-05 -3.562710e-06 -5.007347e-07 1.476100e-04
11915.290937 -2.040751e-05 -1.219236e-05 -3.560038e-06 -5.023095e-07 1.561078e-04
11916.382167 -2.026032e-05 -1.192063e-05 -3.537028e-06 -5.005658e-07 1.431388e-04
11917.485590 -2.024660e-05 -1.166047e-05 -3.530068e-06 -5.022574e-07 1.353462e-04
11918.601204 -2.021303e-05 -1.139134e-05 -3.521882e-06 -5.034492e-07 1.151500e-04
11919.729011 -2.030246e-05 -1.120449e-05 -3.528901e-06 -5.079382e-07 9.678434e-05
11920.869009 -2.035819e-05 -1.108631e-05 -3.538577e-06 -5.115967e-07 1.134053e-04
11922.021199 -2.040991e-05 -1.101511e-05 -3.545657e-06 -5.152793e-07 9.437410e-05
11923.185582 -2.041221e-05 -1.094706e-05 -3.544528e-06 -5.174337e-07 9.655167e-05
11924.362156 -2.039400e-05 -1.086617e-05 -3.540659e-06 -5.191673e-07 1.017588e-04
11925.550922 -2.037415e-05 -1.075757e-05 -3.533604e-06 -5.203264e-07 1.016857e-04
11926.751879 -2.036527e-05 -1.062949e-05 -3.526256e-06 -5.219042e-07 1.212278e-04
11927.965029 -2.037781e-05 -1.049636e-05 -3.528519e-06 -5.236402e-07 1.012261e-04
11929.190371 -2.038321e-05 -1.027505e-05 -3.530286e-06 -5.251600e-07 1.096561e-04
11930.427904 -2.039194e-05 -9.932695e-06 -3.530084e-06 -5.268478e-07 1.395029e-04
11931.677630 -2.038329e-05 -9.537362e-06 -3.528511e-06 -5.280119e-07 1.230353e-04
11932.939547 -2.039234e-05 -9.240313e-06 -3.529075e-06 -5.293901e-07 1.156781e-04
11934.213657 -2.037372e-05 -9.120911e-06 -3.523463e-06 -5.295840e-07 1.186383e-04
11935.499958 -2.037166e-05 -9.226462e-06 -3.521460e-06 -5.300162e-07 9.795700e-05
11936.798451 -2.035611e-05 -9.438717e-06 -3.513569e-06 -5.298970e-07 1.021982e-04
11938.109136 -2.032633e-05 -9.669472e-06 -3.511217e-06 -5.294229e-07 8.524693e-05
11939.432013 -2.031410e-05 -9.829820e-06 -3.510707e-06 -5.294075e-07 8.859350e-05
11940.767082 -2.032889e-05 -9.917955e-06 -3.513324e-06 -5.298182e-07 8.792225e-05
11942.114342 -2.033551e-05 -9.991640e-06 -3.518299e-06 -5.299594e-07 8.586720e-05
11943.473795 -2.033420e-05 -1.004471e-05 -3.516772e-06 -5.297792e-07 8.215109e-05
11944.845440 -2.030316e-05 -1.008428e-05 -3.513125e-06 -5.290570e-07 9.014077e-05
11946.229276 -2.031077e-05 -1.008376e-05 -3.512413e-06 -5.291261e-07 1.162971e-04
11947.625305 -2.027364e-05 -9.994929e-06 -3.506360e-06 -5.280358e-07 1.251290e-04
11949.033525 -2.028668e-05 -9.868692e-06 -3.508441e-06 -5.280566e-07 1.261452e-04
11950.453937 -2.024381e-05 -9.675268e-06 -3.501688e-06 -5.267739e-07 1.151410e-04
11951.886541 -2.024649e-05 -9.484741e-06 -3.500742e-06 -5.266644e-07 1.272447e-04
11953.331337 -2.026160e-05 -9.308810e-06 -3.501181e-06 -5.266927e-07 1.114172e-04
11954.788325 -2.024034e-05 -9.152613e-06 -3.493021e-06 -5.259746e-07 1.068768e-04
11956.257505 -2.017406e-05 -9.044829e-06 -3.481341e-06 -5.240918e-07 1.089682e-04
11957.738877 -2.016781e-05 -9.046401e-06 -3.484107e-06 -5.231792e-07 1.225893e-04
11959.232440 -2.019185e-05 -9.107168e-06 -3.482771e-06 -5.229530e-07 1.155782e-04
11960.738196 -2.016153e-05 -9.192428e-06 -3.477978e-06 -5.212889e-07 1.167931e-04
11962.256143 -2.016950e-05 -9.283307e-06 -3.474168e-06 -5.206367e-07 1.054085e-04
11963.786283 -2.020154e-05 -9.385547e-06 -3.478470e-06 -5.200032e-07 1.116280e-04
11965.328614 -2.020738e-05 -9.457486e-06 -3.479049e-06 -5.188422e-07 1.126403e-04
11966.883137 -2.022323e-05 -9.547417e-06 -3.487001e-06 -5.175884e-07 1.054898e-04
11968.449852 -2.022478e-05 -9.612634e-06 -3.489925e-06 -5.160115e-07 9.304259e-05
11970.028759 -2.019760e-05 -9.662734e-06 -3.489853e-06 -5.133414e-07 8.244701e-05
11971.619858 -2.018830e-05 -9.717219e-06 -3.489102e-06 -5.117515e-07 8.317094e-05
11973.223149 -2.016714e-05 -9.773090e-06 -3.484857e-06 -5.094101e-07 8.791916e-05
11974.838632 -2.013717e-05 -9.858847e-06 -3.486240e-06 -5.066516e-07 8.278253e-05
11976.466307 -2.016023e-05 -9.956062e-06 -3.492190e-06 -5.055386e-07 9.324648e-05
11978.106173 -2.017097e-05 -1.002983e-05 -3.500279e-06 -5.046663e-07 9.502738e-05
11979.758232 -2.017716e-05 -1.006577e-05 -3.506373e-06 -5.036102e-07 8.973209e-05
11981.422482 -2.015397e-05 -1.005110e-05 -3.505103e-06 -5.018267e-07 8.776529e-05
11983.098924 -2.008662e-05 -1.001015e-05 -3.498613e-06 -4.989714e-07 1.000501e-04
11984.787558 -2.001345e-05 -9.954458e-06 -3.493766e-06 -4.964337e-07 8.664336e-05
11986.488385 -2.001680e-05 -9.901487e-06 -3.498165e-06 -4.960048e-07 8.195657e-05
11988.201403 -1.997997e-05 -9.808846e-06 -3.494469e-06 -4.949178e-07 7.933861e-05
11989.926613 -1.997745e-05 -9.720504e-06 -3.494000e-06 -4.945485e-07 8.596975e-05
11991.664014 -1.993329e-05 -9.612320e-06 -3.483667e-06 -4.933007e-07 8.120079e-05
11993.413608 -1.996420e-05 -9.584735e-06 -3.495778e-06 -4.946188e-07 7.784903e-05
11995.175394 -2.006773e-05 -9.623208e-06 -3.521388e-06 -4.976355e-07 7.939343e-05
11996.949371 -2.013259e-05 -9.660411e-06 -3.535258e-06 -4.994306e-07 6.317727e-05
11998.735541 -2.012475e-05 -9.686387e-06 -3.534132e-06 -4.998742e-07 7.010705e-05
12000.533902 -2.008549e-05 -9.721270e-06 -3.531503e-06 -4.994852e-07 7.474382e-05
12002.344455 -2.008217e-05 -9.764293e-06 -3.532995e-06 -5.000967e-07 8.670630e-05
12004.167201 -2.005165e-05 -9.802312e-06 -3.533253e-06 -4.999007e-07 9.407040e-05
12006.002138 -2.004138e-05 -9.838179e-06 -3.533609e-06 -5.002629e-07 9.007186e-05
12007.849267 -2.007327e-05 -9.884887e-06 -3.541834e-06 -5.016626e-07 8.546124e-05
12009.708588 -2.005584e-05 -9.904882e-06 -3.543098e-06 -5.020197e-07 9.622408e-05
12011.580100 -2.002853e-05 -9.901448e-06 -3.539131e-06 -5.023247e-07 9.303644e-05
12013.463805 -2.004051e-05 -9.907014e-06 -3.541018e-06 -5.032049e-07 1.065041e-04
12015.359702 -2.001649e-05 -9.911024e-06 -3.541417e-06 -5.032752e-07 8.087280e-05
12017.267790 -1.994793e-05 -9.864593e-06 -3.522941e-06 -5.020819e-07 8.313309e-05
12019.188071 -1.983847e-05 -9.800331e-06 -3.497045e-06 -4.999011e-07 8.158965e-05
12021.120543 -1.971058e-05 -9.755202e-06 -3.472451e-06 -4.971792e-07 7.923982e-05
12023.065207 -1.959695e-05 -9.754745e-06 -3.460184e-06 -4.947067e-07 8.085822e-05
12025.022064 -1.958040e-05 -9.809410e-06 -3.464703e-06 -4.945907e-07 8.145360e-05
12026.991112 -1.955788e-05 -9.862928e-06 -3.468539e-06 -4.947613e-07 7.738561e-05
12028.972352 -1.957660e-05 -9.924997e-06 -3.477297e-06 -4.960382e-07 7.463287e-05
12030.965784 -1.956007e-05 -9.982765e-06 -3.483369e-06 -4.960599e-07 8.485400e-05
12032.971407 -1.949406e-05 -1.003129e-05 -3.488087e-06 -4.940488e-07 8.239322e-05
12034.989223 -1.949087e-05 -1.007326e-05 -3.495528e-06 -4.940496e-07 9.245573e-05
12037.019231 -1.949439e-05 -1.009078e-05 -3.499190e-06 -4.947556e-07 9.988559e-05
12039.061430 -1.955808e-05 -1.010680e-05 -3.508916e-06 -4.973605e-07 1.056386e-04
12041.115822 -1.974943e-05 -1.016061e-05 -3.535450e-06 -5.029863e-07 1.042726e-04
12043.182405 -1.989077e-05 -1.019773e-05 -3.557166e-06 -5.071216e-07 9.662598e-05
12045.261180 -1.992097e-05 -1.018835e-05 -3.562944e-06 -5.082170e-07 1.024628e-04
12047.352148 -1.992265e-05 -1.015777e-05 -3.561173e-06 -5.085115e-07 9.237082e-05
12049.455307 -1.989440e-05 -1.011162e-05 -3.554555e-06 -5.081757e-07 1.058599e-04
12051.570658 -1.988303e-05 -1.009313e-05 -3.553926e-06 -5.080991e-07 1.176849e-04
12053.698201 -1.981810e-05 -1.004574e-05 -3.541808e-06 -5.066869e-07 1.251453e-04
12055.837935 -1.983390e-05 -1.003920e-05 -3.543687e-06 -5.073257e-07 9.640812e-05
12057.989862 -1.980089e-05 -1.000541e-05 -3.536303e-06 -5.065776e-07 8.423931e-05
12060.153981 -1.985709e-05 -1.002293e-05 -3.544457e-06 -5.084558e-07 9.021469e-05
12062.330291 -1.984592e-05 -1.003119e-05 -3.549246e-06 -5.080404e-07 8.474605e-05
12064.518794 -1.984884e-05 -1.005049e-05 -3.554079e-06 -5.081601e-07 1.065595e-04
12066.719488 -1.982124e-05 -1.004803e-05 -3.551651e-06 -5.074040e-07 1.218216e-04
12068.932374 -1.983621e-05 -1.006549e-05 -3.555105e-06 -5.077395e-07 1.227521e-04
12071.157453 -1.985869e-05 -1.009084e-05 -3.561604e-06 -5.080620e-07 1.158607e-04
12073.394723 -1.984073e-05 -1.009128e-05 -3.562587e-06 -5.073359e-07 1.214025e-04
12075.644185 -1.984212e-05 -1.009634e-05 -3.567322e-06 -5.071708e-07 1.264462e-04
12077.905838 -1.979094e-05 -1.007447e-05 -3.560974e-06 -5.054117e-07 1.342469e-04
12080.179684 -1.974178e-05 -1.005242e-05 -3.553736e-06 -5.036975e-07 1.425142e-04
12082.465722 -1.972781e-05 -1.006296e-05 -3.552616e-06 -5.028432e-07 1.431741e-04
12084.763952 -1.976793e-05 -1.011770e-05 -3.561814e-06 -5.038578e-07 1.370942e-04
12087.074373 -1.979935e-05 -1.017434e-05 -3.567905e-06 -5.043374e-07 1.062789e-04
12089.396987 -1.978451e-05 -1.021402e-05 -3.565414e-06 -5.032142e-07 1.063621e-04
12091.731792 -1.973888e-05 -1.025937e-05 -3.561437e-06 -5.018465e-07 1.131906e-04
12094.078789 -1.967171e-05 -1.028151e-05 -3.554478e-06 -4.996053e-07 1.339842e-04
12096.437978 -1.962076e-05 -1.028378e-05 -3.544758e-06 -4.979787e-07 1.213478e-04
12098.809359 -1.955133e-05 -1.029028e-05 -3.539899e-06 -4.958190e-07 9.939975e-05
12101.192932 -1.963967e-05 -1.035878e-05 -3.559423e-06 -4.978797e-07 1.031458e-04
12103.588697 -1.965585e-05 -1.038364e-05 -3.563977e-06 -4.982008e-07 1.035600e-04
12105.996654 -1.965395e-05 -1.040489e-05 -3.567519e-06 -4.978881e-07 1.013209e-04
12108.416803 -1.968686e-05 -1.043399e-05 -3.576059e-06 -4.985697e-07 1.075316e-04
12110.849143 -1.967234e-05 -1.044163e-05 -3.578576e-06 -4.981592e-07 9.254894e-05
12113.293676 -1.966131e-05 -1.043802e-05 -3.579499e-06 -4.980416e-07 1.231440e-04
12115.750400 -1.965802e-05 -1.043711e-05 -3.581239e-06 -4.978071e-07 1.450640e-04
12118.219317 -1.964363e-05 -1.041008e-05 -3.579018e-06 -4.975001e-07 1.157353e-04
12120.700425 -1.963484e-05 -1.038628e-05 -3.579000e-06 -4.974341e-07 9.761049e-05
12123.193725 -1.959416e-05 -1.034269e-05 -3.574835e-06 -4.965245e-07 8.614686e-05
12125.699217 -1.961472e-05 -1.033775e-05 -3.583399e-06 -4.969125e-07 1.021737e-04
12128.216901 -1.961133e-05 -1.031133e-05 -3.585090e-06 -4.971840e-07 9.856500e-05
12130.746777 -1.961966e-05 -1.028431e-05 -3.587190e-06 -4.976137e-07 1.018648e-04
12133.288845 -1.958763e-05 -1.025602e-05 -3.584748e-06 -4.968519e-07 1.061106e-04
12135.843105 -1.958325e-05 -1.024260e-05 -3.583022e-06 -4.969681e-07 1.077626e-04
12138.409556 -1.956271e-05 -1.025172e-05 -3.584759e-06 -4.964450e-07 1.183466e-04
12140.988200 -1.949667e-05 -1.023658e-05 -3.574729e-06 -4.948630e-07 1.110510e-04
12143.579035 -1.946678e-05 -1.025444e-05 -3.571826e-06 -4.942849e-07 1.183689e-04
12146.182062 -1.953143e-05 -1.032856e-05 -3.585146e-06 -4.964433e-07 1.368932e-04
12148.797282 -1.952989e-05 -1.036795e-05 -3.585104e-06 -4.966222e-07 1.275160e-04
12151.424693 -1.949829e-05 -1.040361e-05 -3.579863e-06 -4.960197e-07 1.162881e-04
12154.064296 -1.945279e-05 -1.043928e-05 -3.573556e-06 -4.950836e-07 1.300881e-04
12156.716091 -1.945164e-05 -1.049893e-05 -3.577375e-06 -4.952172e-07 1.303346e-04
12159.380078 -1.946236e-05 -1.055784e-05 -3.582152e-06 -4.956799e-07 1.228219e-04
12162.056256 -1.947137e-05 -1.060172e-05 -3.586212e-06 -4.964072e-07 1.347778e-04
12164.744627 -1.944479e-05 -1.061469e-05 -3.585544e-06 -4.959929e-07 1.392767e-04
12167.445190 -1.944710e-05 -1.063240e-05 -3.589419e-06 -4.962713e-07 1.222262e-04
12170.157944 -1.942909e-05 -1.063185e-05 -3.590148e-06 -4.960863e-07 1.311120e-04
12172.882891 -1.938847e-05 -1.062279e-05 -3.587218e-06 -4.951487e-07 1.415536e-04
12175.620029 -1.939475e-05 -1.062432e-05 -3.589453e-06 -4.958607e-07 1.401488e-04
12178.369359 -1.937629e-05 -1.062225e-05 -3.588082e-06 -4.958037e-07 1.386976e-04
12181.130881 -1.937083e-05 -1.064423e-05 -3.590673e-06 -4.959750e-07 1.433866e-04
12183.904595 -1.938145e-05 -1.065482e-05 -3.588613e-06 -4.965140e-07 1.362109e-04
12186.690501 -1.936649e-05 -1.065625e-05 -3.584350e-06 -4.964212e-07 1.338422e-04
12189.488599 -1.931908e-05 -1.062107e-05 -3.573131e-06 -4.952940e-07 1.251579e-04
12192.298889 -1.915552e-05 -1.053553e-05 -3.547009e-06 -4.910772e-07 1.037909e-04
12195.121371 -1.916327e-05 -1.055217e-05 -3.557785e-06 -4.915917e-07 9.823295e-05
12197.956044 -1.924654e-05 -1.058668e-05 -3.574261e-06 -4.940417e-07 8.894829e-05
12200.802910 -1.922644e-05 -1.055895e-05 -3.571175e-06 -4.938179e-07 9.016267e-05
12203.661967 -1.924868e-05 -1.056164e-05 -3.575463e-06 -4.947916e-07 1.105418e-04
12206.533217 -1.925187e-05 -1.055326e-05 -3.578241e-06 -4.949881e-07 1.338999e-04
12209.416658 -1.924683e-05 -1.056152e-05 -3.582238e-06 -4.948700e-07 1.443978e-04
12212.312291 -1.922929e-05 -1.056217e-05 -3.583384e-06 -4.944838e-07 1.388926e-04
12215.220116 -1.919799e-05 -1.057089e-05 -3.580795e-06 -4.938594e-07 1.365700e-04
12218.140133 -1.922807e-05 -1.061908e-05 -3.587709e-06 -4.947392e-07 1.338692e-04
12221.072342 -1.919909e-05 -1.064967e-05 -3.585705e-06 -4.939360e-07 1.443606e-04
12224.016743 -1.917922e-05 -1.068545e-05 -3.584028e-06 -4.932603e-07 1.296806e-04
12226.973335 -1.915049e-05 -1.072935e-05 -3.583920e-06 -4.926431e-07 1.376717e-04
12229.942120 -1.917413e-05 -1.080035e-05 -3.594490e-06 -4.931422e-07 1.395437e-04
12232.923096 -1.915730e-05 -1.083454e-05 -3.596472e-06 -4.927188e-07 1.459921e-04
12235.916265 -1.914207e-05 -1.086645e-05 -3.599045e-06 -4.925365e-07 1.514514e-04
12238.921625 -1.913839e-05 -1.090829e-05 -3.605824e-06 -4.920661e-07 1.503037e-04
12241.939177 -1.912244e-05 -1.092620e-05 -3.607631e-06 -4.918276e-07 1.545905e-04
12244.968921 -1.911452e-05 -1.094801e-05 -3.612422e-06 -4.914566e-07 1.488464e-04
12248.010858 -1.908885e-05 -1.095699e-05 -3.612847e-06 -4.907156e-07 1.444796e-04
12251.064985 -1.906787e-05 -1.097275e-05 -3.616261e-06 -4.903176e-07 1.391434e-04
12254.131305 -1.907081e-05 -1.100211e-05 -3.622765e-06 -4.903515e-07 1.133167e-04
12257.209817 -1.904430e-05 -1.100705e-05 -3.621331e-06 -4.895976e-07 9.543121e-05
12260.300521 -1.901605e-05 -1.101843e-05 -3.622011e-06 -4.888782e-07 9.997335e-05
12263.403416 -1.902427e-05 -1.105754e-05 -3.630858e-06 -4.891601e-07 1.283058e-04
12266.518504 -1.900768e-05 -1.107934e-05 -3.632240e-06 -4.890073e-07 1.417623e-04
12269.645783 -1.896459e-05 -1.107044e-05 -3.627417e-06 -4.878728e-07 1.352798e-04
12272.785255 -1.893117e-05 -1.106756e-05 -3.626599e-06 -4.869263e-07 1.221722e-04
12275.936918 -1.892053e-05 -1.108371e-05 -3.632359e-06 -4.863661e-07 1.073243e-04
12279.100773 -1.892403e-05 -1.109224e-05 -3.636943e-06 -4.868186e-07 8.619206e-05
12282.276820 -1.892629e-05 -1.110192e-05 -3.641185e-06 -4.869208e-07 9.000914e-05
12285.465059 -1.891303e-05 -1.110260e-05 -3.641275e-06 -4.866364e-07 9.002109e-05
12288.665490 -1.889381e-05 -1.111004e-05 -3.642869e-06 -4.863226e-07 9.580607e-05
12291.878112 -1.888312e-05 -1.112293e-05 -3.644855e-06 -4.861329e-07 8.842118e-05
12295.102927 -1.888528e-05 -1.113119e-05 -3.645342e-06 -4.864933e-07 9.906814e-05
12298.339934 -1.886946e-05 -1.113845e-05 -3.644822e-06 -4.865350e-07 1.206393e-04
12301.589132 -1.886852e-05 -1.116185e-05 -3.648536e-06 -4.866848e-07 9.718370e-05
12304.850523 -1.882339e-05 -1.117308e-05 -3.646544e-06 -4.853778e-07 8.847932e-05
12308.124105 -1.878095e-05 -1.118183e-05 -3.642514e-06 -4.841973e-07 1.172019e-04
12311.409879 -1.870966e-05 -1.117700e-05 -3.631147e-06 -4.826138e-07 1.289678e-04
12314.707845 -1.870168e-05 -1.122331e-05 -3.636622e-06 -4.827024e-07 1.182008e-04
12318.018003 -1.872692e-05 -1.127437e-05 -3.642755e-06 -4.836353e-07 1.362752e-04
12321.340353 -1.873885e-05 -1.132147e-05 -3.647166e-06 -4.845128e-07 1.235772e-04
12324.674895 -1.871573e-05 -1.133541e-05 -3.641695e-06 -4.838908e-07 1.191386e-04
12328.021629 -1.867418e-05 -1.134892e-05 -3.638836e-06 -4.830361e-07 1.244048e-04
12331.380554 -1.862426e-05 -1.135441e-05 -3.635066e-06 -4.822683e-07 1.420407e-04
12334.751672 -1.863980e-05 -1.138995e-05 -3.642732e-06 -4.828125e-07 1.447582e-04
12338.134982 -1.860839e-05 -1.138620e-05 -3.637548e-06 -4.821987e-07 1.485420e-04
12341.530483 -1.860631e-05 -1.139724e-05 -3.640390e-06 -4.824728e-07 1.409085e-04
12344.938176 -1.860533e-05 -1.140348e-05 -3.641703e-06 -4.827738e-07 1.415964e-04
12348.358061 -1.855444e-05 -1.139187e-05 -3.635333e-06 -4.814176e-07 1.349076e-04
12351.790139 -1.856260e-05 -1.141144e-05 -3.640037e-06 -4.820889e-07 1.291842e-04
12355.234408 -1.857966e-05 -1.141939e-05 -3.642963e-06 -4.830769e-07 1.238310e-04
12358.690868 -1.856726e-05 -1.141018e-05 -3.637672e-06 -4.832023e-07 1.011871e-04
12362.159521 -1.855602e-05 -1.139745e-05 -3.631119e-06 -4.832623e-07 1.233819e-04
12365.640366 -1.852870e-05 -1.139993e-05 -3.628880e-06 -4.827349e-07 1.150777e-04
12369.133403 -1.850615e-05 -1.141304e-05 -3.630547e-06 -4.823224e-07 9.283359e-05
12372.638631 -1.851447e-05 -1.144119e-05 -3.636572e-06 -4.828632e-07 1.008802e-04
12376.156052 -1.853089e-05 -1.146915e-05 -3.642192e-06 -4.833871e-07 1.017187e-04
12379.685664 -1.850552e-05 -1.146852e-05 -3.637778e-06 -4.832422e-07 1.106052e-04
12383.227468 -1.845180e-05 -1.145391e-05 -3.629284e-06 -4.818617e-07 1.172864e-04
12386.781465 -1.847267e-05 -1.149403e-05 -3.636861e-06 -4.827699e-07 1.287329e-04
12390.347653 -1.848123e-05 -1.152073e-05 -3.639124e-06 -4.834805e-07 1.134255e-04
12393.926033 -1.844689e-05 -1.151629e-05 -3.631863e-06 -4.826044e-07 1.046952e-04
12397.516605 -1.841945e-05 -1.151312e-05 -3.623756e-06 -4.822399e-07 1.163124e-04
12401.119369 -1.836808e-05 -1.152227e-05 -3.619093e-06 -4.809442e-07 1.338157e-04
12404.734324 -1.836979e-05 -1.155620e-05 -3.623964e-06 -4.812521e-07 1.189552e-04
12408.361472 -1.837757e-05 -1.159982e-05 -3.630316e-06 -4.817015e-07 9.311059e-05
12412.000811 -1.836481e-05 -1.163475e-05 -3.633682e-06 -4.813926e-07 9.146580e-05
12415.652343 -1.832263e-05 -1.164031e-05 -3.629030e-06 -4.805849e-07 1.035957e-04
12419.316066 -1.832535e-05 -1.168789e-05 -3.637256e-06 -4.808423e-07 1.193171e-04
12422.991982 -1.831065e-05 -1.171424e-05 -3.638202e-06 -4.804839e-07 1.041033e-04
12426.680089 -1.828517e-05 -1.173543e-05 -3.638257e-06 -4.801150e-07 1.123785e-04
12430.380388 -1.828150e-05 -1.176846e-05 -3.642699e-06 -4.802309e-07 1.215005e-04
12434.092879 -1.827370e-05 -1.179349e-05 -3.645565e-06 -4.802413e-07 1.261939e-04
12437.817562 -1.824692e-05 -1.181105e-05 -3.645755e-06 -4.797121e-07 1.190058e-04
12441.554437 -1.820731e-05 -1.181484e-05 -3.643575e-06 -4.787502e-07 1.041993e-04
12445.303503 -1.818259e-05 -1.182909e-05 -3.643138e-06 -4.783073e-07 9.751920e-05
12449.064762 -1.817535e-05 -1.185091e-05 -3.646923e-06 -4.783143e-07 9.145122e-05
12452.838213 -1.816133e-05 -1.185656e-05 -3.646457e-06 -4.779715e-07 9.195418e-05
12456.623855 -1.811449e-05 -1.185260e-05 -3.642239e-06 -4.768415e-07 1.111650e-04
12460.421689 -1.814032e-05 -1.189763e-05 -3.653822e-06 -4.778913e-07 1.456313e-04
12464.231716 -1.813886e-05 -1.192686e-05 -3.659709e-06 -4.781495e-07 1.470487e-04
12468.053934 -1.811149e-05 -1.193962e-05 -3.660634e-06 -4.775207e-07 1.427879e-04
12471.888344 -1.807933e-05 -1.194147e-05 -3.658181e-06 -4.768482e-07 1.439983e-04
12475.734946 -1.805562e-05 -1.195878e-05 -3.660268e-06 -4.763739e-07 1.496451e-04
12479.593740 -1.805584e-05 -1.198282e-05 -3.663508e-06 -4.766931e-07 1.493883e-04
12483.464726 -1.804473e-05 -1.200487e-05 -3.664873e-06 -4.767924e-07 1.476944e-04
12487.347903 -1.799684e-05 -1.199833e-05 -3.658133e-06 -4.755817e-07 1.450916e-04
12491.243273 -1.796852e-05 -1.201295e-05 -3.657316e-06 -4.750718e-07 1.441558e-04
12495.150835 -1.795763e-05 -1.205118e-05 -3.662467e-06 -4.751570e-07 1.362799e-04
12499.070588 -1.793840e-05 -1.208111e-05 -3.665514e-06 -4.749434e-07 1.435173e-04
12503.002533 -1.791914e-05 -1.211558e-05 -3.669624e-06 -4.746153e-07 1.261174e-04
12506.946671 -1.789787e-05 -1.214362e-05 -3.670483e-06 -4.743317e-07 1.433950e-04
12510.903000 -1.787400e-05 -1.216875e-05 -3.670735e-06 -4.736670e-07 1.528067e-04
12514.871521 -1.783023e-05 -1.217786e-05 -3.667077e-06 -4.730052e-07 1.409399e-04
12518.852234 -1.779180e-05 -1.218179e-05 -3.661890e-06 -4.723724e-07 1.354394e-04
12522.845139 -1.777172e-05 -1.220427e-05 -3.662413e-06 -4.722471e-07 1.322104e-04
12526.850236 -1.781386e-05 -1.227276e-05 -3.677221e-06 -4.736852e-07 1.378792e-04
12530.867524 -1.781533e-05 -1.231815e-05 -3.685526e-06 -4.738357e-07 1.372998e-04
12534.897005 -1.780406e-05 -1.235781e-05 -3.690320e-06 -4.738070e-07 1.213965e-04
12538.938678 -1.779486e-05 -1.239505e-05 -3.696067e-06 -4.738747e-07 1.310289e-04
12542.992542 -1.776001e-05 -1.241449e-05 -3.696518e-06 -4.730614e-07 1.442598e-04
12547.058598 -1.773320e-05 -1.244493e-05 -3.699426e-06 -4.728269e-07 1.363626e-04
12551.136847 -1.765819e-05 -1.243587e-05 -3.691374e-06 -4.712244e-07 1.225121e-04
12555.227287 -1.760439e-05 -1.243610e-05 -3.686934e-06 -4.697918e-07 1.308883e-04
12559.329919 -1.756093e-05 -1.244871e-05 -3.684471e-06 -4.689373e-07 1.426428e-04
12563.444743 -1.756727e-05 -1.249430e-05 -3.694371e-06 -4.693807e-07 1.431493e-04
12567.571759 -1.759226e-05 -1.255508e-05 -3.708434e-06 -4.705349e-07 1.561153e-04
12571.710967 -1.757614e-05 -1.259005e-05 -3.714060e-06 -4.704254e-07 1.361729e-04
12575.862366 -1.756507e-05 -1.261753e-05 -3.719577e-06 -4.702846e-07 1.334359e-04
12580.025958 -1.757260e-05 -1.265284e-05 -3.726574e-06 -4.710769e-07 1.271279e-04
12584.201742 -1.755900e-05 -1.267873e-05 -3.729927e-06 -4.709429e-07 1.282099e-04
12588.389717 -1.752107e-05 -1.268176e-05 -3.726357e-06 -4.701846e-07 1.243149e-04
12592.589884 -1.742946e-05 -1.264267e-05 -3.709824e-06 -4.680024e-07 1.382915e-04
12596.802244 -1.744291e-05 -1.268180e-05 -3.716615e-06 -4.687102e-07 1.344007e-04
12601.026795 -1.747374e-05 -1.275162e-05 -3.730284e-06 -4.699713e-07 1.266058e-04
12605.263538 -1.749400e-05 -1.280384e-05 -3.739283e-06 -4.707860e-07 1.321381e-04
12609.512473 -1.747499e-05 -1.282583e-05 -3.739970e-06 -4.703938e-07 1.434081e-04
12613.773600 -1.747185e-05 -1.285675e-05 -3.742748e-06 -4.708857e-07 1.510330e-04
12618.046919 -1.747329e-05 -1.289961e-05 -3.748515e-06 -4.712262e-07 1.505473e-04
12622.332429 -1.741786e-05 -1.290036e-05 -3.741336e-06 -4.700151e-07 1.482859e-04
12626.630132 -1.737427e-05 -1.290807e-05 -3.735460e-06 -4.690700e-07 1.402651e-04
12630.940026 -1.734516e-05 -1.293353e-05 -3.736724e-06 -4.686041e-07 1.444708e-04
12635.262113 -1.731774e-05 -1.296320e-05 -3.738193e-06 -4.679939e-07 1.389535e-04
12639.596391 -1.726961e-05 -1.296739e-05 -3.732832e-06 -4.670272e-07 1.312929e-04
12643.942861 -1.719742e-05 -1.295476e-05 -3.723373e-06 -4.653283e-07 1.358325e-04
12648.301524 -1.719142e-05 -1.298635e-05 -3.725490e-06 -4.656619e-07 1.404570e-04
12652.672378 -1.722046e-05 -1.303585e-05 -3.733803e-06 -4.667215e-07 1.265295e-04
12657.055424 -1.723753e-05 -1.307897e-05 -3.740567e-06 -4.676649e-07 1.329379e-04
12661.450662 -1.726712e-05 -1.313810e-05 -3.750788e-06 -4.688643e-07 1.447490e-04
12665.858091 -1.723867e-05 -1.315791e-05 -3.750691e-06 -4.682378e-07 1.443055e-04
12670.277713 -1.717610e-05 -1.314335e-05 -3.739943e-06 -4.669717e-07 1.530002e-04
12674.709527 -1.717484e-05 -1.317408e-05 -3.743295e-06 -4.673754e-07 1.550097e-04
12679.153532 -1.718279e-05 -1.322370e-05 -3.751444e-06 -4.678326e-07 1.553850e-04
12683.609730 -1.717065e-05 -1.325623e-05 -3.754668e-06 -4.678872e-07 1.544612e-04
12688.078119 -1.706415e-05 -1.321109e-05 -3.736784e-06 -4.650662e-07 1.582739e-04
12692.558700 -1.700204e-05 -1.319614e-05 -3.726867e-06 -4.636705e-07 1.582035e-04
12697.051473 -1.699341e-05 -1.321783e-05 -3.728386e-06 -4.638062e-07 1.559220e-04
12701.556438 -1.689973e-05 -1.318180e-05 -3.713696e-06 -4.615476e-07 1.447719e-04
12706.073595 -1.696589e-05 -1.327973e-05 -3.735854e-06 -4.638361e-07 1.419063e-04
12710.602944 -1.698621e-05 -1.333275e-05 -3.745703e-06 -4.647643e-07 1.499866e-04
12715.144485 -1.694313e-05 -1.333404e-05 -3.741210e-06 -4.638666e-07 1.449517e-04
12719.698218 -1.689245e-05 -1.333414e-05 -3.735812e-06 -4.628542e-07 1.432035e-04
12724.264142 -1.688635e-05 -1.336108e-05 -3.737058e-06 -4.631180e-07 1.292266e-04
12728.842259 -1.678907e-05 -1.332787e-05 -3.721799e-06 -4.606628e-07 1.413201e-04
12733.432567 -1.672510e-05 -1.332529e-05 -3.714738e-06 -4.592045e-07 1.410923e-04
12738.035068 -1.672784e-05 -1.336368e-05 -3.718561e-06 -4.597278e-07 1.380976e-04
12742.649760 -1.673796e-05 -1.340929e-05 -3.724248e-06 -4.604214e-07 1.326930e-04
12747.276644 -1.668561e-05 -1.341849e-05 -3.720894e-06 -4.593602e-07 1.287890e-04
12751.915720 -1.654431e-05 -1.335513e-05 -3.698032e-06 -4.553829e-07 1.121367e-04
12756.566988 -1.651410e-05 -1.338708e-05 -3.699980e-06 -4.549790e-07 1.086846e-04
12761.230448 -1.660083e-05 -1.351709e-05 -3.728344e-06 -4.578897e-07 1.231979e-04
12765.906100 -1.663576e-05 -1.359713e-05 -3.744013e-06 -4.593844e-07 1.455080e-04
12770.593943 -1.664415e-05 -1.364801e-05 -3.751194e-06 -4.599466e-07 1.537583e-04
12775.293979 -1.667557e-05 -1.372565e-05 -3.765553e-06 -4.612694e-07 1.556631e-04
12780.006206 -1.667426e-05 -1.377010e-05 -3.770973e-06 -4.617069e-07 1.425111e-04
12784.730626 -1.665718e-05 -1.379702e-05 -3.771887e-06 -4.618326e-07 1.395184e-04
12789.467237 -1.659209e-05 -1.378836e-05 -3.762487e-06 -4.603461e-07 1.470271e-04
12794.216040 -1.657449e-05 -1.380941e-05 -3.762318e-06 -4.603014e-07 1.443672e-04
12798.977036 -1.656729e-05 -1.384258e-05 -3.764988e-06 -4.605192e-07 1.476662e-04
12803.750223 -1.656202e-05 -1.388668e-05 -3.770855e-06 -4.608595e-07 1.422854e-04
12808.535602 -1.652254e-05 -1.391870e-05 -3.773554e-06 -4.600022e-07 1.425484e-04
12813.333172 -1.647369e-05 -1.395414e-05 -3.777130e-06 -4.588039e-07 1.343034e-04
12818.142935 -1.629727e-05 -1.390104e-05 -3.757484e-06 -4.536662e-07 1.286177e-04
12822.964890 -1.627339e-05 -1.392599e-05 -3.758283e-06 -4.534581e-07 1.439469e-04
12827.799037 -1.628969e-05 -1.401970e-05 -3.778234e-06 -4.541894e-07 1.445025e-04
12832.645375 -1.629040e-05 -1.408969e-05 -3.792810e-06 -4.546018e-07 1.418532e-04
12837.503905 -1.625890e-05 -1.410060e-05 -3.789851e-06 -4.541646e-07 1.414090e-04
12842.374628 -1.203014e-05 -1.039007e-05 -2.787881e-06 -3.366124e-07 1.021470e-04
12847.257542 -7.054090e-07 -6.080163e-07 -1.630185e-07 -1.975507e-08 5.825939e-06
