  9809     KEK-PF   BL9A
 Fe010           22.05.11 17:26 - 22.05.11 18:33 Serial#KEKPF-BL9A_030107
 F2T0
 Ring :   2.5 GeV   425.1 mA -  449.9 mA
 Mono :   Si(111)       D=  3.13551 A    Initial angle= 13.93250 deg
 BL9A      Fluorescence( 3)   Repetition=  1     Points= 1426
 Param file : Std-EXAFS       energy axis(2)     Block =    6

 Block      Init-Eng  Final-Eng      Step/eV     Time/s       Num
     1        6606.20   7061.20         6.50       1.00        70
     2        7061.20   7076.20         1.00       1.00        15
     3        7076.20   7181.20         0.10       2.00      1050
     4        7181.20   7211.20         1.00       2.00        30
     5        7211.20   7611.20         2.50       3.00       160
     6        7611.20   8211.20         6.00       3.00       101
 Ortec(-1)     NDCH = 3
  Angle(c)  Angle(o)    time/s         2         3
      Mode         0         0         1         3
    Offset         0         0  7753.700  7157.100
  17.41446  17.41440      1.00   1792467     14016
  17.39679  17.39700      1.00   1781004     13757
  17.37916  17.37910      1.00   1777083     13451
  17.36157  17.36180      1.00   1769157     13267
  17.34402  17.34390      1.00   1759846     12957
  17.32650  17.32690      1.00   1762663     12583
  17.30902  17.30880      1.00   1768729     12371
  17.29157  17.29170      1.00   1777051     12318
  17.27416  17.27410      1.00   1777163     12127
  17.25678  17.25700      1.00   1769811     11804
  17.23944  17.23930      1.00   1776825     11456
  17.22213  17.22230      1.00   1774830     11268
  17.20486  17.20480      1.00   1775986     11188
  17.18763  17.18770      1.00   1773964     10849
  17.17043  17.17040      1.00   1766610     10846
  17.15326  17.15310      1.00   1757253     10461
  17.13613  17.13640      1.00   1755397     10297
  17.11904  17.11880      1.00   1759973     10128
  17.10198  17.10200      1.00   1753365     10047
  17.08495  17.08490      1.00   1744496      9922
  17.06796  17.06790      1.00   1745356      9781
  17.05100  17.05100      1.00   1743362      9687
  17.03408  17.03400      1.00   1743018      9566
  17.01719  17.01740      1.00   1734652      9454
  17.00034  17.00020      1.00   1737351      9547
  16.98351  16.98350      1.00   1732015      9465
  16.96673  16.96690      1.00   1722587      9322
  16.94997  16.94980      1.00   1708255      9236
  16.93325  16.93330      1.00   1693598      9201
  16.91657  16.91670      1.00   1595914      8679
  16.89991  16.89980      1.00   1686202      9135
  16.88329  16.88330      1.00   1682423      9112
  16.86670  16.86680      1.00   1674595      9142
  16.85015  16.85010      1.00   1657355      8936
  16.83363  16.83350      1.00   1652704      8943
  16.81714  16.81720      1.00   1653274      8939
  16.80069  16.80080      1.00   1558559      8397
  16.78426  16.78420      1.00   1653053      8962
  16.76787  16.76790      1.00   1665972      9040
  16.75152  16.75150      1.00   1668518      8959
  16.73519  16.73530      1.00   1678361      8992
  16.71890  16.71870      1.00   1679441      9116
  16.70264  16.70270      1.00   1667736      9083
  16.68641  16.68660      1.00   1666771      9112
  16.67021  16.67000      1.00   1678644      9135
  16.65405  16.65410      1.00   1682770      9188
  16.63791  16.63790      1.00   1676451      9242
  16.62181  16.62190      1.00   1685832      9267
  16.60574  16.60580      1.00   1691282      9297
  16.58970  16.58950      1.00   1685071      9245
  16.57370  16.57380      1.00   1669115      9260
  16.55772  16.55770      1.00   1659609      9194
  16.54178  16.54180      1.00   1658594      9311
  16.52586  16.52600      1.00   1660704      9243
  16.50998  16.50980      1.00   1650441      9321
  16.49413  16.49410      1.00   1652226      9438
  16.47831  16.47840      1.00   1658740      9563
  16.46252  16.46260      1.00   1668135      9573
  16.44676  16.44690      1.00   1666122      9486
  16.43103  16.43090      1.00   1666997      9595
  16.41534  16.41550      1.00   1674389      9610
  16.39967  16.39950      1.00   1668854      9579
  16.38403  16.38410      1.00   1663785      9705
  16.36843  16.36840      1.00   1668201      9701
  16.35285  16.35290      1.00   1670902      9844
  16.33730  16.33740      1.00   1665224      9948
  16.32179  16.32180      1.00   1676491      9906
  16.30630  16.30640      1.00   1673866      9967
  16.29084  16.29070      1.00   1671081     10113
  16.27541  16.27560      1.00   1671333     10121
  16.26002  16.25980      1.00   1670553     10025
  16.25765  16.25770      1.00   1654051     10152
  16.25529  16.25540      1.00   1665170     10064
  16.25292  16.25280      1.00   1665886     10213
  16.25056  16.25060      1.00   1661984     10092
  16.24819  16.24820      1.00   1651270     10169
  16.24583  16.24600      1.00   1661846     10211
  16.24347  16.24320      1.00   1662755     10269
  16.24111  16.24130      1.00   1663027     10315
  16.23875  16.23860      1.00   1663345     10244
  16.23639  16.23660      1.00   1663578     10269
  16.23403  16.23390      1.00   1663170     10314
  16.23167  16.23170      1.00   1662428     10175
  16.22931  16.22930      1.00   1662316     10349
  16.22695  16.22700      1.00   1664926     10358
  16.22460  16.22460      1.00   1665215     10393
  16.22436  16.22420      2.00   3330052     20779
  16.22412  16.22410      2.00   3329169     20699
  16.22389  16.22390      2.00   3328911     20724
  16.22365  16.22370      2.00   3327312     20745
  16.22342  16.22340      2.00   3326604     20762
  16.22318  16.22320      2.00   3325918     20889
  16.22295  16.22300      2.00   3324153     20755
  16.22271  16.22260      2.00   3324528     20777
  16.22248  16.22260      2.00   3323723     20786
  16.22224  16.22220      2.00   3321147     20722
  16.22200  16.22210      2.00   3312787     20657
  16.22177  16.22180      2.00   3311316     20658
  16.22153  16.22150      2.00   3306779     20619
  16.22130  16.22130      2.00   3304028     20702
  16.22106  16.22100      2.00   3299374     20575
  16.22083  16.22080      2.00   3295715     20476
  16.22059  16.22050      2.00   3295183     20733
  16.22036  16.22040      2.00   3294284     20551
  16.22012  16.22010      2.00   3291725     20660
  16.21989  16.21990      2.00   3289506     20477
  16.21965  16.21970      2.00   3291748     20904
  16.21941  16.21930      2.00   3291890     20538
  16.21918  16.21920      2.00   3283342     20725
  16.21894  16.21900      2.00   3284515     20561
  16.21871  16.21870      2.00   3291474     20687
  16.21847  16.21840      2.00   3301442     20695
  16.21824  16.21830      2.00   3303461     20537
  16.21800  16.21810      2.00   3305079     20811
  16.21777  16.21770      2.00   3306102     20630
  16.21753  16.21760      2.00   3306769     20629
  16.21730  16.21730      2.00   3307520     20825
  16.21706  16.21710      2.00   3304990     20704
  16.21682  16.21690      2.00   3306420     20696
  16.21659  16.21660      2.00   3307419     20848
  16.21635  16.21630      2.00   3306694     20963
  16.21612  16.21610      2.00   3307395     20747
  16.21588  16.21580      2.00   3306296     20812
  16.21565  16.21570      2.00   3304014     20673
  16.21541  16.21540      2.00   3304260     20794
  16.21518  16.21510      2.00   3305504     20871
  16.21494  16.21490      2.00   3305605     20820
  16.21471  16.21480      2.00   3304529     20997
  16.21447  16.21440      2.00   3304350     20892
  16.21424  16.21420      2.00   3305383     20893
  16.21400  16.21400      2.00   3304156     20804
  16.21377  16.21380      2.00   3301733     20887
  16.21353  16.21350      2.00   3301683     20736
  16.21329  16.21330      2.00   3302013     20974
  16.21306  16.21300      2.00   3300073     20848
  16.21282  16.21290      2.00   3298734     20824
  16.21259  16.21260      2.00   3296142     20911
  16.21235  16.21240      2.00   3298283     20767
  16.21212  16.21210      2.00   3298613     20749
  16.21188  16.21200      2.00   3291528     20672
  16.21165  16.21160      2.00   3285239     20626
  16.21141  16.21130      2.00   3279191     20701
  16.21118  16.21120      2.00   3278490     20548
  16.21094  16.21090      2.00   3274874     20735
  16.21071  16.21070      2.00   3273894     20665
  16.21047  16.21050      2.00   3271655     20654
  16.21024  16.21020      2.00   3266969     20684
  16.21000  16.21000      2.00   3266976     20717
  16.20977  16.20980      2.00   3268770     20924
  16.20953  16.20950      2.00   3267700     20952
  16.20930  16.20930      2.00   3269812     20869
  16.20906  16.20910      2.00   3272649     20913
  16.20883  16.20880      2.00   3277505     20901
  16.20859  16.20860      2.00   3278420     20929
  16.20836  16.20830      2.00   3280722     20990
  16.20812  16.20820      2.00   3285289     20957
  16.20788  16.20790      2.00   3286848     20888
  16.20765  16.20770      2.00   3286151     20817
  16.20741  16.20750      2.00   3287380     20882
  16.20718  16.20710      2.00   3289833     20883
  16.20694  16.20700      2.00   3289284     20897
  16.20671  16.20670      2.00   3288434     20913
  16.20647  16.20660      2.00   3288938     20932
  16.20624  16.20620      2.00   3286789     20826
  16.20600  16.20600      2.00   3289296     20866
  16.20577  16.20570      2.00   3286441     20860
  16.20553  16.20560      2.00   3285237     20869
  16.20530  16.20520      2.00   3285803     20881
  16.20506  16.20510      2.00   3287402     20967
  16.20483  16.20480      2.00   3286893     20786
  16.20459  16.20450      2.00   3288420     21108
  16.20436  16.20440      2.00   3288516     21138
  16.20412  16.20410      2.00   3287828     20716
  16.20389  16.20380      2.00   3284198     20788
  16.20365  16.20370      2.00   3285734     20984
  16.20342  16.20340      2.00   3283994     20974
  16.20318  16.20320      2.00   3281149     20807
  16.20295  16.20290      2.00   3282898     21002
  16.20271  16.20280      2.00   3284014     20842
  16.20248  16.20250      2.00   3285615     21022
  16.20224  16.20230      2.00   3284367     21016
  16.20201  16.20200      2.00   3286484     21023
  16.20177  16.20180      2.00   3286498     21078
  16.20154  16.20150      2.00   3284707     20907
  16.20130  16.20130      2.00   3285499     20921
  16.20107  16.20110      2.00   3285616     21011
  16.20083  16.20080      2.00   3285476     20927
  16.20060  16.20060      2.00   3284730     21092
  16.20036  16.20040      2.00   3284907     21152
  16.20013  16.20000      2.00   3284554     20962
  16.19989  16.19990      2.00   3284248     21011
  16.19966  16.19970      2.00   3285603     21102
  16.19942  16.19940      2.00   3282924     21150
  16.19919  16.19920      2.00   3282661     20968
  16.19896  16.19890      2.00   3281868     21179
  16.19872  16.19880      2.00   3281770     21223
  16.19849  16.19850      2.00   3282259     20944
  16.19825  16.19830      2.00   3284335     21171
  16.19802  16.19800      2.00   3284068     21131
  16.19778  16.19780      2.00   3284297     20966
  16.19755  16.19750      2.00   3286162     21258
  16.19731  16.19740      2.00   3287426     21292
  16.19708  16.19700      2.00   3284685     21265
  16.19684  16.19690      2.00   3284935     21291
  16.19661  16.19660      2.00   3283658     21202
  16.19637  16.19650      2.00   3280052     21210
  16.19614  16.19600      2.00   3277785     21358
  16.19590  16.19590      2.00   3275024     21199
  16.19567  16.19580      2.00   3276901     21217
  16.19543  16.19530      2.00   3278609     21278
  16.19520  16.19520      2.00   3278474     21298
  16.19496  16.19490      2.00   3275549     21411
  16.19473  16.19470      2.00   3275403     21129
  16.19449  16.19450      2.00   3276418     21259
  16.19426  16.19420      2.00   3274922     21329
  16.19402  16.19400      2.00   3275384     21375
  16.19379  16.19380      2.00   3273397     21238
  16.19356  16.19360      2.00   3272275     21238
  16.19332  16.19330      2.00   3273750     21173
  16.19309  16.19300      2.00   3274515     21212
  16.19285  16.19290      2.00   3272649     21385
  16.19262  16.19270      2.00   3269671     21321
  16.19238  16.19240      2.00   3270972     21242
  16.19215  16.19220      2.00   3272233     21202
  16.19191  16.19200      2.00   3272192     21252
  16.19168  16.19160      2.00   3271307     21180
  16.19144  16.19140      2.00   3270935     21360
  16.19121  16.19120      2.00   3273136     21377
  16.19097  16.19100      2.00   3271026     21356
  16.19074  16.19070      2.00   3269854     21357
  16.19050  16.19050      2.00   3270102     21419
  16.19027  16.19020      2.00   3269445     21186
  16.19004  16.19010      2.00   3268606     21130
  16.18980  16.18980      2.00   3266099     21139
  16.18957  16.18950      2.00   3267799     21290
  16.18933  16.18940      2.00   3267158     21230
  16.18910  16.18910      2.00   3267137     21482
  16.18886  16.18880      2.00   3266230     21262
  16.18863  16.18870      2.00   3268693     21392
  16.18839  16.18830      2.00   3269745     21346
  16.18816  16.18820      2.00   3267930     21365
  16.18792  16.18800      2.00   3263970     21269
  16.18769  16.18770      2.00   3263836     21321
  16.18746  16.18750      2.00   3262237     21257
  16.18722  16.18730      2.00   3262126     21375
  16.18699  16.18690      2.00   3264743     21325
  16.18675  16.18680      2.00   3265870     21329
  16.18652  16.18660      2.00   3264073     21256
  16.18628  16.18630      2.00   3264387     21312
  16.18605  16.18610      2.00   3265345     21617
  16.18581  16.18570      2.00   3263850     21296
  16.18558  16.18560      2.00   3263494     21482
  16.18534  16.18540      2.00   3263956     21424
  16.18511  16.18510      2.00   3263281     21348
  16.18488  16.18470      2.00   3264668     21285
  16.18464  16.18470      2.00   3265004     21349
  16.18441  16.18430      2.00   3260182     21172
  16.18417  16.18420      2.00   3261888     21131
  16.18394  16.18400      2.00   3260030     21133
  16.18370  16.18360      2.00   3258325     21444
  16.18347  16.18350      2.00   3259014     21179
  16.18324  16.18320      2.00   3260021     21410
  16.18300  16.18310      2.00   3259806     21617
  16.18277  16.18280      2.00   3259999     21601
  16.18253  16.18250      2.00   3261915     21478
  16.18230  16.18230      2.00   3260549     21357
  16.18206  16.18200      2.00   3257229     21467
  16.18183  16.18190      2.00   3255209     21507
  16.18159  16.18160      2.00   3253030     21456
  16.18136  16.18130      2.00   3254209     21585
  16.18113  16.18110      2.00   3255945     21451
  16.18089  16.18090      2.00   3255880     21448
  16.18066  16.18060      2.00   3254766     21414
  16.18042  16.18050      2.00   3252735     21279
  16.18019  16.18020      2.00   3253031     21599
  16.17995  16.17990      2.00   3251966     21475
  16.17972  16.17970      2.00   3253220     21673
  16.17949  16.17950      2.00   3253024     21613
  16.17925  16.17930      2.00   3252167     21433
  16.17902  16.17900      2.00   3250930     21563
  16.17878  16.17880      2.00   3249631     21621
  16.17855  16.17850      2.00   3246863     21523
  16.17831  16.17830      2.00   3249508     21538
  16.17808  16.17810      2.00   3250016     21559
  16.17785  16.17780      2.00   3248816     21316
  16.17761  16.17770      2.00   3248602     21516
  16.17738  16.17740      2.00   3250077     21422
  16.17714  16.17720      2.00   3250155     21521
  16.17691  16.17690      2.00   3248022     21491
  16.17667  16.17680      2.00   3245599     21654
  16.17644  16.17640      2.00   3247654     21490
  16.17621  16.17620      2.00   3245470     21576
  16.17597  16.17600      2.00   3244607     21662
  16.17574  16.17570      2.00   3245824     21583
  16.17550  16.17550      2.00   3246594     21658
  16.17527  16.17520      2.00   3245904     21736
  16.17504  16.17500      2.00   3243410     21842
  16.17480  16.17480      2.00   3242498     21513
  16.17457  16.17460      2.00   3245223     21673
  16.17433  16.17420      2.00   3243540     21648
  16.17410  16.17410      2.00   3243019     21614
  16.17386  16.17390      2.00   3243644     21622
  16.17363  16.17360      2.00   3243005     21776
  16.17340  16.17340      2.00   3242581     21579
  16.17316  16.17320      2.00   3243573     21700
  16.17293  16.17290      2.00   3242282     21804
  16.17269  16.17280      2.00   3239378     21788
  16.17246  16.17240      2.00   3234512     21561
  16.17223  16.17230      2.00   3237098     21693
  16.17199  16.17200      2.00   3238843     21589
  16.17176  16.17180      2.00   3240232     21723
  16.17152  16.17150      2.00   3239803     21666
  16.17129  16.17130      2.00   3237047     21692
  16.17106  16.17100      2.00   3238344     21898
  16.17082  16.17080      2.00   3233854     21676
  16.17059  16.17060      2.00   3232812     21846
  16.17035  16.17030      2.00   3231034     21645
  16.17012  16.17010      2.00   3234676     21848
  16.16989  16.16990      2.00   3231934     21766
  16.16965  16.16970      2.00   3231958     21996
  16.16942  16.16930      2.00   3222596     21984
  16.16918  16.16920      2.00   3221344     21786
  16.16895  16.16900      2.00   3217575     21747
  16.16872  16.16870      2.00   3218065     21915
  16.16848  16.16850      2.00   3218701     21864
  16.16825  16.16830      2.00   3217278     21560
  16.16801  16.16800      2.00   3215499     21849
  16.16778  16.16780      2.00   3216963     21969
  16.16755  16.16760      2.00   3217005     22038
  16.16731  16.16740      2.00   3214917     21932
  16.16708  16.16710      2.00   3215080     21941
  16.16684  16.16690      2.00   3217709     21946
  16.16661  16.16650      2.00   3217226     21980
  16.16638  16.16640      2.00   3215777     22054
  16.16614  16.16620      2.00   3216289     21908
  16.16591  16.16590      2.00   3217020     21908
  16.16567  16.16570      2.00   3216071     22138
  16.16544  16.16540      2.00   3218134     22198
  16.16521  16.16520      2.00   3219488     22296
  16.16497  16.16490      2.00   3218805     22264
  16.16474  16.16480      2.00   3215165     22340
  16.16451  16.16440      2.00   3216842     22346
  16.16427  16.16420      2.00   3217963     22215
  16.16404  16.16400      2.00   3215272     22251
  16.16380  16.16390      2.00   3214620     22173
  16.16357  16.16350      2.00   3216758     22289
  16.16334  16.16340      2.00   3218771     22408
  16.16310  16.16310      2.00   3218237     22560
  16.16287  16.16280      2.00   3217194     22143
  16.16263  16.16270      2.00   3218186     22322
  16.16240  16.16240      2.00   3218720     22396
  16.16217  16.16220      2.00   3218887     22410
  16.16193  16.16190      2.00   3219836     22529
  16.16170  16.16170      2.00   3220693     22493
  16.16147  16.16160      2.00   3218594     22477
  16.16123  16.16120      2.00   3216055     22642
  16.16100  16.16100      2.00   3217136     22441
  16.16076  16.16070      2.00   3216406     22774
  16.16053  16.16060      2.00   3215025     22743
  16.16030  16.16020      2.00   3217110     22767
  16.16006  16.16010      2.00   3218405     22602
  16.15983  16.15970      2.00   3217231     22853
  16.15960  16.15960      2.00   3218989     22784
  16.15936  16.15940      2.00   3216474     22801
  16.15913  16.15920      2.00   3216363     22894
  16.15889  16.15880      2.00   3216819     22675
  16.15866  16.15870      2.00   3217146     23103
  16.15843  16.15840      2.00   3217226     22862
  16.15819  16.15830      2.00   3218087     22894
  16.15796  16.15800      2.00   3216060     23011
  16.15773  16.15770      2.00   3217386     23062
  16.15749  16.15750      2.00   3219123     23119
  16.15726  16.15730      2.00   3219509     23077
  16.15703  16.15700      2.00   3217901     23192
  16.15679  16.15690      2.00   3218084     23009
  16.15656  16.15650      2.00   3216018     23102
  16.15632  16.15640      2.00   3215042     22984
  16.15609  16.15610      2.00   3213697     23189
  16.15586  16.15580      2.00   3216328     23293
  16.15562  16.15570      2.00   3217178     23345
  16.15539  16.15530      2.00   3213086     23280
  16.15516  16.15520      2.00   3215824     23294
  16.15492  16.15480      2.00   3214402     23367
  16.15469  16.15470      2.00   3214704     23280
  16.15446  16.15440      2.00   3214717     23538
  16.15422  16.15420      2.00   3214338     23563
  16.15399  16.15400      2.00   3214173     23526
  16.15376  16.15370      2.00   3215486     23383
  16.15352  16.15360      2.00   3217056     23547
  16.15329  16.15320      2.00   3218331     23590
  16.15305  16.15310      2.00   3212419     23602
  16.15282  16.15280      2.00   3228019     23713
  16.15259  16.15270      2.00   3228030     23850
  16.15235  16.15230      2.00   3231662     23883
  16.15212  16.15220      2.00   3229260     23964
  16.15189  16.15190      2.00   3225807     23963
  16.15165  16.15160      2.00   3229666     24110
  16.15142  16.15150      2.00   3228134     24134
  16.15119  16.15120      2.00   3226215     24328
  16.15095  16.15090      2.00   3228573     24399
  16.15072  16.15070      2.00   3228916     24310
  16.15049  16.15050      2.00   3226559     24522
  16.15025  16.15020      2.00   3224147     24665
  16.15002  16.15010      2.00   3227076     24528
  16.14979  16.14970      2.00   3226898     24501
  16.14955  16.14960      2.00   3225691     24605
  16.14932  16.14930      2.00   3227556     24688
  16.14909  16.14910      2.00   3226239     24736
  16.14885  16.14880      2.00   3224134     24979
  16.14862  16.14870      2.00   3222067     25033
  16.14839  16.14840      2.00   3220992     25322
  16.14815  16.14810      2.00   3220793     25363
  16.14792  16.14800      2.00   3219515     25343
  16.14769  16.14760      2.00   3218778     25611
  16.14745  16.14750      2.00   3220033     25812
  16.14722  16.14730      2.00   3220622     25621
  16.14699  16.14700      2.00   3219787     26018
  16.14675  16.14680      2.00   3219753     26247
  16.14652  16.14650      2.00   3217142     26504
  16.14629  16.14630      2.00   3214381     26573
  16.14605  16.14600      2.00   3212314     26825
  16.14582  16.14580      2.00   3214950     27108
  16.14559  16.14560      2.00   3216013     27157
  16.14535  16.14540      2.00   3210450     27684
  16.14512  16.14510      2.00   3211976     28091
  16.14489  16.14480      2.00   3219031     28553
  16.14465  16.14460      2.00   3216048     28647
  16.14442  16.14450      2.00   3214062     28916
  16.14419  16.14410      2.00   3218382     29799
  16.14395  16.14400      2.00   3220246     30122
  16.14372  16.14370      2.00   3224442     30864
  16.14349  16.14340      2.00   3227426     31593
  16.14325  16.14330      2.00   3234944     31826
  16.14302  16.14300      2.00   3227619     32765
  16.14279  16.14280      2.00   3219381     33265
  16.14255  16.14260      2.00   3216853     34074
  16.14232  16.14230      2.00   3212975     34856
  16.14209  16.14220      2.00   3207867     35195
  16.14185  16.14180      2.00   3205769     36522
  16.14162  16.14170      2.00   3206773     36626
  16.14139  16.14140      2.00   3208490     37751
  16.14115  16.14110      2.00   3202133     38454
  16.14092  16.14090      2.00   3201333     39031
  16.14069  16.14070      2.00   3193344     39916
  16.14046  16.14040      2.00   3198765     41010
  16.14022  16.14020      2.00   3199090     41809
  16.13999  16.14000      2.00   3204088     42840
  16.13976  16.13980      2.00   3198303     44328
  16.13952  16.13950      2.00   3196780     45757
  16.13929  16.13920      2.00   3185958     47125
  16.13906  16.13910      2.00   3176925     47562
  16.13882  16.13880      2.00   3188310     49548
  16.13859  16.13860      2.00   3201802     51182
  16.13836  16.13830      2.00   3209786     52235
  16.13812  16.13820      2.00   3208490     52747
  16.13789  16.13790      2.00   3204787     53386
  16.13766  16.13770      2.00   3203784     54204
  16.13742  16.13740      2.00   3200117     54243
  16.13719  16.13720      2.00   3186366     53289
  16.13696  16.13710      2.00   3192670     53057
  16.13673  16.13670      2.00   3192949     51348
  16.13649  16.13660      2.00   3194721     50550
  16.13626  16.13620      2.00   3191707     48547
  16.13603  16.13600      2.00   3189268     47508
  16.13579  16.13580      2.00   3186186     45965
  16.13556  16.13560      2.00   3186020     44598
  16.13533  16.13520      2.00   3184368     42970
  16.13509  16.13510      2.00   3183894     42280
  16.13486  16.13480      2.00   3184949     41235
  16.13463  16.13460      2.00   3184225     40701
  16.13440  16.13440      2.00   3181281     39954
  16.13416  16.13410      2.00   3178724     39114
  16.13393  16.13400      2.00   3181938     38329
  16.13370  16.13360      2.00   3182003     37850
  16.13346  16.13350      2.00   3180970     37819
  16.13323  16.13330      2.00   3178465     37665
  16.13300  16.13300      2.00   3180364     37961
  16.13277  16.13280      2.00   3177586     37766
  16.13253  16.13250      2.00   3178275     38236
  16.13230  16.13230      2.00   3179403     38569
  16.13207  16.13220      2.00   3178367     38845
  16.13183  16.13180      2.00   3178473     40011
  16.13160  16.13160      2.00   3178244     40451
  16.13137  16.13140      2.00   3175460     41196
  16.13113  16.13110      2.00   3174317     42490
  16.13090  16.13090      2.00   3174417     43186
  16.13067  16.13060      2.00   3175201     44285
  16.13044  16.13040      2.00   3172183     45072
  16.13020  16.13030      2.00   3172088     45851
  16.12997  16.12990      2.00   3169438     47597
  16.12974  16.12970      2.00   3173250     48954
  16.12950  16.12950      2.00   3173526     49937
  16.12927  16.12930      2.00   3171481     51896
  16.12904  16.12910      2.00   3168832     53529
  16.12881  16.12870      2.00   3168349     55907
  16.12857  16.12860      2.00   3168177     57393
  16.12834  16.12840      2.00   3169717     59545
  16.12811  16.12810      2.00   3171105     62486
  16.12788  16.12780      2.00   3168274     64772
  16.12764  16.12770      2.00   3165748     66471
  16.12741  16.12750      2.00   3165173     69698
  16.12718  16.12720      2.00   3165875     73496
  16.12694  16.12700      2.00   3163844     76196
  16.12671  16.12670      2.00   3163289     79543
  16.12648  16.12650      2.00   3163589     82378
  16.12625  16.12630      2.00   3160635     85280
  16.12601  16.12600      2.00   3159358     88365
  16.12578  16.12570      2.00   3158834     90652
  16.12555  16.12560      2.00   3161855     92423
  16.12532  16.12530      2.00   3161681     95533
  16.12508  16.12500      2.00   3159451     97512
  16.12485  16.12490      2.00   3157454     99034
  16.12462  16.12460      2.00   3155848    101598
  16.12438  16.12430      2.00   3154232    103989
  16.12415  16.12420      2.00   3154358    105296
  16.12392  16.12390      2.00   3155350    108172
  16.12369  16.12360      2.00   3156962    110551
  16.12345  16.12350      2.00   3154839    111600
  16.12322  16.12320      2.00   3156064    114555
  16.12299  16.12300      2.00   3155546    116146
  16.12276  16.12270      2.00   3157120    118894
  16.12252  16.12260      2.00   3156602    120743
  16.12229  16.12230      2.00   3153078    123733
  16.12206  16.12210      2.00   3154480    126335
  16.12183  16.12190      2.00   3152940    129155
  16.12159  16.12150      2.00   3153346    132921
  16.12136  16.12140      2.00   3156500    134584
  16.12113  16.12110      2.00   3156060    138248
  16.12090  16.12090      2.00   3152104    139272
  16.12066  16.12070      2.00   3151369    142729
  16.12043  16.12040      2.00   3151218    146464
  16.12020  16.12020      2.00   3150447    148634
  16.11996  16.11990      2.00   3145745    151323
  16.11973  16.11970      2.00   3148284    153612
  16.11950  16.11950      2.00   3152446    156207
  16.11927  16.11930      2.00   3149650    159497
  16.11903  16.11900      2.00   3147133    163074
  16.11880  16.11890      2.00   3146307    165714
  16.11857  16.11850      2.00   3146351    170950
  16.11834  16.11840      2.00   3147038    173316
  16.11810  16.11810      2.00   3147264    178081
  16.11787  16.11780      2.00   3147134    181604
  16.11764  16.11770      2.00   3146261    183716
  16.11741  16.11740      2.00   3144466    188190
  16.11717  16.11730      2.00   3144131    191823
  16.11694  16.11700      2.00   3145658    197487
  16.11671  16.11670      2.00   3144654    201907
  16.11648  16.11650      2.00   3140607    205680
  16.11625  16.11620      2.00   3139708    209069
  16.11601  16.11600      2.00   3142077    212642
  16.11578  16.11580      2.00   3141414    215954
  16.11555  16.11550      2.00   3140670    219131
  16.11532  16.11530      2.00   3142724    222761
  16.11508  16.11510      2.00   3140433    225441
  16.11485  16.11480      2.00   3136152    228893
  16.11462  16.11460      2.00   3136451    232258
  16.11439  16.11430      2.00   3137392    235086
  16.11415  16.11420      2.00   3136224    236662
  16.11392  16.11380      2.00   3133644    241241
  16.11369  16.11370      2.00   3133014    242057
  16.11346  16.11340      2.00   3134824    246370
  16.11322  16.11330      2.00   3129151    247608
  16.11299  16.11310      2.00   3127904    252365
  16.11276  16.11270      2.00   3127880    256555
  16.11253  16.11260      2.00   3128935    258679
  16.11229  16.11220      2.00   3129924    263232
  16.11206  16.11210      2.00   3131326    265384
  16.11183  16.11190      2.00   3129605    268275
  16.11160  16.11160      2.00   3129633    272421
  16.11137  16.11140      2.00   3127318    275242
  16.11113  16.11100      2.00   3128035    279040
  16.11090  16.11090      2.00   3129897    280898
  16.11067  16.11070      2.00   3126390    283274
  16.11044  16.11040      2.00   3124831    286717
  16.11020  16.11020      2.00   3126822    288749
  16.10997  16.10990      2.00   3124730    291184
  16.10974  16.10980      2.00   3125255    293406
  16.10951  16.10950      2.00   3125680    297610
  16.10928  16.10920      2.00   3126392    300403
  16.10904  16.10910      2.00   3123550    301937
  16.10881  16.10880      2.00   3122452    304969
  16.10858  16.10870      2.00   3124042    307416
  16.10835  16.10830      2.00   3124611    311051
  16.10811  16.10810      2.00   3122976    312879
  16.10788  16.10780      2.00   3122911    315585
  16.10765  16.10770      2.00   3124152    317594
  16.10742  16.10750      2.00   3122842    320186
  16.10719  16.10720      2.00   3120375    323345
  16.10695  16.10700      2.00   3117266    325569
  16.10672  16.10680      2.00   3116797    327861
  16.10649  16.10650      2.00   3113313    330180
  16.10626  16.10620      2.00   3112317    332709
  16.10602  16.10600      2.00   3111269    333778
  16.10579  16.10590      2.00   3112983    336293
  16.10556  16.10550      2.00   3112366    338376
  16.10533  16.10530      2.00   3111845    340167
  16.10510  16.10510      2.00   3112692    341657
  16.10486  16.10480      2.00   3112659    343888
  16.10463  16.10460      2.00   3111375    345059
  16.10440  16.10440      2.00   3113457    346308
  16.10417  16.10410      2.00   3113221    348578
  16.10394  16.10400      2.00   3112925    349411
  16.10370  16.10370      2.00   3109650    351874
  16.10347  16.10340      2.00   3111759    353424
  16.10324  16.10330      2.00   3110070    354422
  16.10301  16.10300      2.00   3111106    356426
  16.10278  16.10280      2.00   3108436    357640
  16.10254  16.10260      2.00   3106502    359320
  16.10231  16.10230      2.00   3106044    360445
  16.10208  16.10210      2.00   3105809    360908
  16.10185  16.10190      2.00   3105308    362587
  16.10162  16.10160      2.00   3102282    363437
  16.10138  16.10140      2.00   3100203    364651
  16.10115  16.10110      2.00   3099384    366226
  16.10092  16.10090      2.00   3098482    366225
  16.10069  16.10070      2.00   3096289    367022
  16.10046  16.10030      2.00   3092360    367486
  16.10022  16.10030      2.00   3094528    368174
  16.09999  16.09990      2.00   3091111    368735
  16.09976  16.09980      2.00   3090108    369004
  16.09953  16.09950      2.00   3084827    369424
  16.09930  16.09940      2.00   3085386    369998
  16.09906  16.09900      2.00   3087798    370563
  16.09883  16.09890      2.00   3083428    370531
  16.09860  16.09860      2.00   3082103    370621
  16.09837  16.09840      2.00   3082403    371639
  16.09814  16.09800      2.00   3081057    371192
  16.09790  16.09800      2.00   3080390    371713
  16.09767  16.09770      2.00   3078698    371673
  16.09744  16.09740      2.00   3080083    372140
  16.09721  16.09730      2.00   3079101    372421
  16.09698  16.09700      2.00   3076495    372013
  16.09674  16.09680      2.00   3077988    373057
  16.09651  16.09650      2.00   3075022    372615
  16.09628  16.09630      2.00   3072198    371752
  16.09605  16.09610      2.00   3070317    371897
  16.09582  16.09580      2.00   3070295    371373
  16.09559  16.09550      2.00   3071292    371946
  16.09535  16.09540      2.00   3071317    372563
  16.09512  16.09500      2.00   3072678    372156
  16.09489  16.09490      2.00   3073019    372460
  16.09466  16.09460      2.00   3069334    371483
  16.09443  16.09440      2.00   3068913    371723
  16.09419  16.09420      2.00   3067526    371205
  16.09396  16.09400      2.00   3066176    371752
  16.09373  16.09370      2.00   3065759    371569
  16.09350  16.09350      2.00   3066596    371524
  16.09327  16.09330      2.00   3067408    371895
  16.09304  16.09300      2.00   3064694    370888
  16.09280  16.09280      2.00   3064236    371200
  16.09257  16.09260      2.00   3066301    371202
  16.09234  16.09240      2.00   3068912    371836
  16.09211  16.09210      2.00   3065756    371519
  16.09188  16.09190      2.00   3064802    371900
  16.09165  16.09160      2.00   3062685    371602
  16.09141  16.09140      2.00   3062813    371313
  16.09118  16.09120      2.00   3062717    371569
  16.09095  16.09100      2.00   3063928    371343
  16.09072  16.09070      2.00   3065317    372278
  16.09049  16.09040      2.00   3064029    371706
  16.09025  16.09030      2.00   3064131    372017
  16.09002  16.09000      2.00   3064271    372565
  16.08979  16.08980      2.00   3065406    372302
  16.08956  16.08950      2.00   3050113    370869
  16.08933  16.08940      2.00   3050890    371186
  16.08910  16.08910      2.00   3049352    370604
  16.08886  16.08880      2.00   3052090    371355
  16.08863  16.08870      2.00   3052341    371591
  16.08840  16.08840      2.00   3050243    371293
  16.08817  16.08820      2.00   3052172    371550
  16.08794  16.08790      2.00   3049896    371813
  16.08771  16.08780      2.00   3049282    372038
  16.08748  16.08750      2.00   3046683    371353
  16.08724  16.08720      2.00   3048569    372409
  16.08701  16.08710      2.00   3046729    372189
  16.08678  16.08680      2.00   3046620    372056
  16.08655  16.08660      2.00   3048835    372473
  16.08632  16.08630      2.00   3048002    372170
  16.08609  16.08600      2.00   3047787    371921
  16.08585  16.08590      2.00   3047460    372706
  16.08562  16.08560      2.00   3045922    372047
  16.08539  16.08530      2.00   3045561    372757
  16.08516  16.08520      2.00   3048140    372257
  16.08493  16.08490      2.00   3048305    372803
  16.08470  16.08460      2.00   3046675    372156
  16.08447  16.08450      2.00   3046083    372991
  16.08423  16.08420      2.00   3046673    371973
  16.08400  16.08400      2.00   3048864    373209
  16.08377  16.08370      2.00   3048058    372274
  16.08354  16.08350      2.00   3047903    372088
  16.08331  16.08330      2.00   3049375    372373
  16.08308  16.08320      2.00   3049634    372297
  16.08284  16.08280      2.00   3048485    371527
  16.08261  16.08270      2.00   3050948    371686
  16.08238  16.08240      2.00   3050537    370868
  16.08215  16.08210      2.00   3051721    371852
  16.08192  16.08200      2.00   3051198    371315
  16.08169  16.08170      2.00   3053084    370902
  16.08146  16.08140      2.00   3054277    371888
  16.08122  16.08120      2.00   3053347    370224
  16.08099  16.08100      2.00   3051479    369892
  16.08076  16.08080      2.00   3054562    370230
  16.08053  16.08050      2.00   3053912    369523
  16.08030  16.08020      2.00   3056459    369818
  16.08007  16.08010      2.00   3054686    369368
  16.07984  16.07980      2.00   3054653    369525
  16.07960  16.07970      2.00   3060950    369484
  16.07937  16.07930      2.00   3066352    369168
  16.07914  16.07910      2.00   3067931    369852
  16.07891  16.07900      2.00   3068283    369498
  16.07868  16.07860      2.00   3067962    369130
  16.07845  16.07840      2.00   3069546    369147
  16.07822  16.07830      2.00   3071921    369313
  16.07799  16.07800      2.00   3069455    368094
  16.07775  16.07780      2.00   3070893    368024
  16.07752  16.07750      2.00   3068989    367445
  16.07729  16.07740      2.00   3068514    366953
  16.07706  16.07700      2.00   3068420    366371
  16.07683  16.07690      2.00   3066847    365959
  16.07660  16.07660      2.00   3070115    366049
  16.07637  16.07640      2.00   3072208    365787
  16.07614  16.07610      2.00   3071642    365588
  16.07590  16.07600      2.00   3070896    365020
  16.07567  16.07560      2.00   3071028    364848
  16.07544  16.07540      2.00   3070222    364023
  16.07521  16.07510      2.00   3071912    364714
  16.07498  16.07500      2.00   3071839    364415
  16.07475  16.07480      2.00   3071191    363594
  16.07452  16.07450      2.00   3072253    363702
  16.07429  16.07420      2.00   3070008    363208
  16.07405  16.07400      2.00   3069416    362922
  16.07382  16.07390      2.00   3072539    362745
  16.07359  16.07360      2.00   3072470    362877
  16.07336  16.07330      2.00   3073449    361933
  16.07313  16.07320      2.00   3079482    362026
  16.07290  16.07290      2.00   3077866    361732
  16.07267  16.07260      2.00   3077030    361815
  16.07244  16.07250      2.00   3076875    361601
  16.07220  16.07220      2.00   3077602    361225
  16.07197  16.07200      2.00   3077490    360809
  16.07174  16.07180      2.00   3077299    360369
  16.07151  16.07160      2.00   3067226    358557
  16.07128  16.07120      2.00   3066884    358296
  16.07105  16.07100      2.00   3068066    357562
  16.07082  16.07080      2.00   3063951    357144
  16.07059  16.07050      2.00   3064064    357488
  16.07036  16.07040      2.00   3064060    357245
  16.07012  16.07010      2.00   3063615    356351
  16.06989  16.06990      2.00   3072001    357209
  16.06966  16.06970      2.00   3073847    357000
  16.06943  16.06930      2.00   3073259    355996
  16.06920  16.06920      2.00   3072380    356624
  16.06897  16.06910      2.00   3071562    355241
  16.06874  16.06870      2.00   3072676    354803
  16.06851  16.06850      2.00   3071350    355117
  16.06828  16.06830      2.00   3072663    354823
  16.06805  16.06800      2.00   3074168    354056
  16.06781  16.06780      2.00   3075540    354422
  16.06758  16.06770      2.00   3074512    353937
  16.06735  16.06730      2.00   3075695    352841
  16.06712  16.06720      2.00   3077245    353400
  16.06689  16.06700      2.00   3076967    352266
  16.06666  16.06660      2.00   3077145    351628
  16.06643  16.06650      2.00   3077706    352562
  16.06620  16.06620      2.00   3075573    350405
  16.06597  16.06590      2.00   3074087    350837
  16.06574  16.06580      2.00   3074742    350126
  16.06550  16.06540      2.00   3077099    350234
  16.06527  16.06520      2.00   3079378    349815
  16.06504  16.06510      2.00   3076489    349206
  16.06481  16.06480      2.00   3074166    347380
  16.06458  16.06450      2.00   3077757    348403
  16.06435  16.06440      2.00   3078119    347941
  16.06412  16.06400      2.00   3073771    347241
  16.06389  16.06390      2.00   3074689    346447
  16.06366  16.06360      2.00   3077186    346589
  16.06343  16.06350      2.00   3076908    346249
  16.06320  16.06320      2.00   3075568    346118
  16.06296  16.06300      2.00   3078151    345061
  16.06273  16.06270      2.00   3082101    344857
  16.06250  16.06260      2.00   3082534    344170
  16.06227  16.06220      2.00   3080537    343747
  16.06204  16.06210      2.00   3081375    343218
  16.06181  16.06190      2.00   3081707    343205
  16.06158  16.06150      2.00   3079175    342158
  16.06135  16.06140      2.00   3079596    341548
  16.06112  16.06110      2.00   3081397    341171
  16.06089  16.06090      2.00   3082040    341112
  16.06066  16.06060      2.00   3080309    341133
  16.06042  16.06040      2.00   3083145    340111
  16.06019  16.06020      2.00   3085060    339915
  16.05996  16.05990      2.00   3078588    338786
  16.05973  16.05970      2.00   3079644    338088
  16.05950  16.05950      2.00   3078017    337921
  16.05927  16.05930      2.00   3078406    337057
  16.05904  16.05910      2.00   3074923    336130
  16.05881  16.05880      2.00   3075676    335946
  16.05858  16.05860      2.00   3076838    335181
  16.05835  16.05840      2.00   3076117    334224
  16.05812  16.05810      2.00   3073493    333615
  16.05789  16.05780      2.00   3069627    333462
  16.05766  16.05770      2.00   3071234    332856
  16.05743  16.05750      2.00   3070039    332235
  16.05719  16.05730      2.00   3071094    331271
  16.05696  16.05690      2.00   3076542    330862
  16.05673  16.05680      2.00   3074446    330128
  16.05650  16.05650      2.00   3071607    329156
  16.05627  16.05630      2.00   3073443    329471
  16.05604  16.05600      2.00   3072362    328630
  16.05581  16.05580      2.00   3071948    328201
  16.05558  16.05560      2.00   3070851    327072
  16.05535  16.05530      2.00   3068378    326960
  16.05512  16.05500      2.00   3069062    325886
  16.05489  16.05490      2.00   3068953    325256
  16.05466  16.05470      2.00   3066851    324887
  16.05443  16.05430      2.00   3068877    324358
  16.05420  16.05420      2.00   3070914    324797
  16.05397  16.05400      2.00   3070236    323366
  16.05373  16.05370      2.00   3066480    322688
  16.05350  16.05350      2.00   3067181    321639
  16.05327  16.05330      2.00   3066006    322292
  16.05304  16.05300      2.00   3066389    321200
  16.05281  16.05290      2.00   3068219    320983
  16.05258  16.05260      2.00   3068167    320067
  16.05235  16.05240      2.00   3069882    319901
  16.05212  16.05210      2.00   3065285    318220
  16.05189  16.05190      2.00   3072897    318608
  16.05166  16.05160      2.00   3065118    317422
  16.05143  16.05150      2.00   3060988    316417
  16.05120  16.05110      2.00   3059041    315295
  16.05097  16.05100      2.00   3059856    315345
  16.05074  16.05080      2.00   3057892    314063
  16.05051  16.05040      2.00   3058323    313437
  16.05028  16.05030      2.00   3058244    313616
  16.05005  16.05010      2.00   3055004    312579
  16.04982  16.04980      2.00   3055537    312013
  16.04958  16.04950      2.00   3054940    311311
  16.04935  16.04940      2.00   3056641    311130
  16.04912  16.04910      2.00   3057744    310713
  16.04889  16.04890      2.00   3054165    309703
  16.04866  16.04860      2.00   3052751    309435
  16.04843  16.04850      2.00   3053679    309150
  16.04820  16.04820      2.00   3050424    307636
  16.04797  16.04800      2.00   3048886    307134
  16.04774  16.04780      2.00   3050133    306544
  16.04751  16.04750      2.00   3049709    305514
  16.04728  16.04730      2.00   3047605    305644
  16.04705  16.04710      2.00   3046024    304434
  16.04682  16.04690      2.00   3046640    303682
  16.04659  16.04660      2.00   3050039    303488
  16.04636  16.04630      2.00   3046438    302725
  16.04613  16.04620      2.00   3044067    302364
  16.04590  16.04580      2.00   3047145    301709
  16.04567  16.04570      2.00   3046428    301481
  16.04544  16.04550      2.00   3045445    300350
  16.04521  16.04510      2.00   3043703    300416
  16.04498  16.04490      2.00   3047404    299984
  16.04475  16.04480      2.00   3044084    299513
  16.04452  16.04440      2.00   3041697    299043
  16.04429  16.04430      2.00   3042644    298437
  16.04405  16.04400      2.00   3043802    298137
  16.04382  16.04390      2.00   3042768    297944
  16.04359  16.04350      2.00   3039951    296422
  16.04336  16.04340      2.00   3042532    296772
  16.04313  16.04320      2.00   3042876    296523
  16.04290  16.04290      2.00   3040392    294949
  16.04267  16.04260      2.00   3039615    294446
  16.04244  16.04250      2.00   3042576    295033
  16.04221  16.04220      2.00   3044862    294787
  16.04198  16.04210      2.00   3043144    294360
  16.04175  16.04170      2.00   3043251    293291
  16.04152  16.04160      2.00   3041325    292553
  16.04129  16.04120      2.00   3039333    291710
  16.04106  16.04110      2.00   3038914    291966
  16.04083  16.04080      2.00   3038533    291216
  16.04060  16.04060      2.00   3038514    291151
  16.04037  16.04030      2.00   3037819    290400
  16.04014  16.04020      2.00   3039004    290779
  16.03991  16.03980      2.00   3041370    290253
  16.03968  16.03970      2.00   3040871    289853
  16.03945  16.03950      2.00   3040657    289580
  16.03922  16.03920      2.00   3040145    288707
  16.03899  16.03900      2.00   3041639    288794
  16.03876  16.03870      2.00   3042079    288752
  16.03853  16.03860      2.00   3039191    287995
  16.03830  16.03830      2.00   3038022    287377
  16.03807  16.03800      2.00   3041455    287353
  16.03784  16.03790      2.00   3041318    286893
  16.03761  16.03760      2.00   3035767    286269
  16.03738  16.03750      2.00   3036553    286323
  16.03715  16.03710      2.00   3039299    285804
  16.03692  16.03700      2.00   3038491    285385
  16.03669  16.03670      2.00   3040922    285435
  16.03646  16.03650      2.00   3040927    284914
  16.03623  16.03610      2.00   3039885    284881
  16.03600  16.03600      2.00   3037911    284764
  16.03577  16.03580      2.00   3037957    283958
  16.03554  16.03560      2.00   3040181    284091
  16.03531  16.03520      2.00   3041739    284119
  16.03508  16.03510      2.00   3041064    283741
  16.03485  16.03480      2.00   3039789    283192
  16.03462  16.03460      2.00   3041231    282573
  16.03439  16.03430      2.00   3040281    283074
  16.03416  16.03420      2.00   3040457    282948
  16.03393  16.03390      2.00   3040302    282248
  16.03370  16.03360      2.00   3039616    282757
  16.03347  16.03350      2.00   3037403    281223
  16.03324  16.03330      2.00   3033635    281226
  16.03301  16.03300      2.00   3037002    281210
  16.03278  16.03280      2.00   3038382    280861
  16.03255  16.03260      2.00   3037576    281115
  16.03232  16.03230      2.00   3038152    281781
  16.03209  16.03210      2.00   3038161    281186
  16.03186  16.03180      2.00   3038535    281040
  16.03163  16.03170      2.00   3037470    280912
  16.03140  16.03140      2.00   3036932    280088
  16.03117  16.03120      2.00   3038190    280572
  16.03094  16.03090      2.00   3037692    280046
  16.03071  16.03070      2.00   3035478    279447
  16.03048  16.03050      2.00   3038090    279611
  16.03025  16.03010      2.00   3038684    279761
  16.03002  16.03010      2.00   3038082    279168
  16.02979  16.02980      2.00   3033835    278867
  16.02956  16.02950      2.00   3035627    279158
  16.02933  16.02940      2.00   3035816    279032
  16.02910  16.02900      2.00   3032399    279439
  16.02887  16.02890      2.00   3033883    278133
  16.02864  16.02870      2.00   3038819    279060
  16.02841  16.02830      2.00   3037879    278657
  16.02818  16.02820      2.00   3037651    278684
  16.02795  16.02800      2.00   3038490    278806
  16.02772  16.02770      2.00   3037651    278915
  16.02749  16.02760      2.00   3038417    278389
  16.02726  16.02720      2.00   3038611    278361
  16.02703  16.02710      2.00   3037419    278710
  16.02680  16.02680      2.00   3034953    277745
  16.02657  16.02670      2.00   3034662    278203
  16.02634  16.02630      2.00   3038232    278060
  16.02611  16.02610      2.00   3039161    278109
  16.02588  16.02580      2.00   3038494    278408
  16.02565  16.02570      2.00   3036882    278225
  16.02542  16.02540      2.00   3035303    277781
  16.02519  16.02520      2.00   3036674    278704
  16.02496  16.02480      2.00   3036680    278093
  16.02473  16.02480      2.00   3036188    277961
  16.02450  16.02440      2.00   3036679    278318
  16.02427  16.02430      2.00   3038740    278231
  16.02404  16.02410      2.00   3039801    278176
  16.02381  16.02380      2.00   3039250    278669
  16.02358  16.02350      2.00   3040094    278418
  16.02335  16.02340      2.00   3041691    278781
  16.02312  16.02320      2.00   3042926    279265
  16.02289  16.02280      2.00   3041966    278929
  16.02266  16.02270      2.00   3039186    278778
  16.02243  16.02250      2.00   3041223    279004
  16.02220  16.02210      2.00   3043147    278972
  16.02197  16.02200      2.00   3042658    279230
  16.02174  16.02180      2.00   3044984    279475
  16.02151  16.02160      2.00   3043616    279261
  16.02129  16.02120      2.00   3041779    279681
  16.02106  16.02110      2.00   3043023    279377
  16.02083  16.02080      2.00   3043699    280076
  16.02060  16.02060      2.00   3042240    280150
  16.02037  16.02030      2.00   3042667    279767
  16.02014  16.02020      2.00   3044564    279962
  16.01991  16.01980      2.00   3046115    280265
  16.01968  16.01970      2.00   3045439    280002
  16.01945  16.01950      2.00   3043236    279805
  16.01922  16.01920      2.00   3043516    280725
  16.01899  16.01890      2.00   3044904    280980
  16.01876  16.01880      2.00   3045017    280690
  16.01853  16.01850      2.00   3044509    281181
  16.01830  16.01830      2.00   3044641    280982
  16.01807  16.01820      2.00   3046315    280886
  16.01784  16.01780      2.00   3046774    281233
  16.01761  16.01760      2.00   3044702    281470
  16.01738  16.01740      2.00   3045960    281766
  16.01715  16.01720      2.00   3047764    281572
  16.01692  16.01700      2.00   3047378    281891
  16.01669  16.01670      2.00   3046409    282368
  16.01646  16.01640      2.00   3048901    282853
  16.01623  16.01630      2.00   3047316    282322
  16.01600  16.01600      2.00   3046415    281977
  16.01578  16.01580      2.00   3047856    282959
  16.01555  16.01550      2.00   3051002    283181
  16.01532  16.01530      2.00   3049906    283020
  16.01509  16.01500      2.00   3048371    283330
  16.01486  16.01480      2.00   3052866    283882
  16.01463  16.01460      2.00   3053098    283979
  16.01440  16.01440      2.00   3051523    283811
  16.01417  16.01420      2.00   3050152    284657
  16.01394  16.01390      2.00   3050693    284865
  16.01371  16.01370      2.00   3051548    284106
  16.01348  16.01350      2.00   3050528    284270
  16.01325  16.01330      2.00   3052680    284531
  16.01302  16.01300      2.00   3054742    285122
  16.01279  16.01280      2.00   3055062    285860
  16.01256  16.01260      2.00   3055518    285731
  16.01233  16.01230      2.00   3055456    286390
  16.01210  16.01210      2.00   3055995    285586
  16.01187  16.01190      2.00   3055823    286434
  16.01164  16.01170      2.00   3056856    286842
  16.01142  16.01140      2.00   3058113    287150
  16.01119  16.01110      2.00   3057828    287428
  16.01096  16.01100      2.00   3057315    286939
  16.01073  16.01080      2.00   3057205    286981
  16.01050  16.01040      2.00   3060031    288444
  16.01027  16.01020      2.00   3058415    287849
  16.01004  16.01010      2.00   3057517    288242
  16.00981  16.00980      2.00   3058489    288623
  16.00958  16.00960      2.00   3058204    288100
  16.00935  16.00930      2.00   3057757    288776
  16.00912  16.00920      2.00   3055574    289149
  16.00889  16.00890      2.00   3056913    288579
  16.00866  16.00860      2.00   3059638    290020
  16.00843  16.00840      2.00   3060098    289659
  16.00820  16.00830      2.00   3060504    290216
  16.00798  16.00800      2.00   3063137    291058
  16.00775  16.00770      2.00   3064434    291440
  16.00752  16.00760      2.00   3061859    291583
  16.00729  16.00720      2.00   3063205    291363
  16.00706  16.00710      2.00   3065304    291979
  16.00683  16.00690      2.00   3064949    292865
  16.00660  16.00660      2.00   3063383    292603
  16.00637  16.00640      2.00   3066938    292829
  16.00614  16.00610      2.00   3068395    293710
  16.00591  16.00600      2.00   3068494    293533
  16.00568  16.00560      2.00   3067081    293541
  16.00545  16.00550      2.00   3069047    294247
  16.00522  16.00520      2.00   3067799    294675
  16.00500  16.00500      2.00   3067882    294504
  16.00477  16.00470      2.00   3066480    295040
  16.00454  16.00450      2.00   3068609    295564
  16.00431  16.00430      2.00   3071581    295649
  16.00408  16.00400      2.00   3073721    295994
  16.00385  16.00390      2.00   3073207    296329
  16.00362  16.00360      2.00   3078666    297275
  16.00339  16.00340      2.00   3077124    297374
  16.00316  16.00310      2.00   3077910    297838
  16.00293  16.00300      2.00   3079154    298085
  16.00270  16.00270      2.00   3077077    298443
  16.00247  16.00250      2.00   3079264    298722
  16.00225  16.00220      2.00   3078780    299067
  16.00202  16.00210      2.00   3085624    299669
  16.00179  16.00180      2.00   3087406    299844
  16.00156  16.00160      2.00   3084052    300550
  16.00133  16.00120      2.00   3084142    301443
  16.00110  16.00110      2.00   3083073    300661
  16.00087  16.00090      2.00   3083393    300913
  16.00064  16.00060      2.00   3084605    301092
  16.00041  16.00040      2.00   3083462    301345
  16.00018  16.00020      2.00   3082295    302162
  15.99995  15.99990      2.00   3080992    301612
  15.99973  15.99970      2.00   3081707    302483
  15.99950  15.99950      2.00   3081501    302024
  15.99927  15.99930      2.00   3081502    302835
  15.99904  15.99910      2.00   3083065    302591
  15.99881  15.99880      2.00   3082478    303156
  15.99858  15.99860      2.00   3084718    303717
  15.99835  15.99840      2.00   3085466    304011
  15.99812  15.99810      2.00   3083582    304333
  15.99789  15.99790      2.00   3085617    305611
  15.99766  15.99770      2.00   3084163    305924
  15.99744  15.99750      2.00   3084069    305383
  15.99721  15.99710      2.00   3083201    306339
  15.99698  15.99700      2.00   3083295    305828
  15.99675  15.99680      2.00   3086955    306533
  15.99652  15.99660      2.00   3083823    306934
  15.99629  15.99630      2.00   3075279    306253
  15.99606  15.99600      2.00   3075969    306245
  15.99583  15.99590      2.00   3079605    306828
  15.99560  15.99560      2.00   3079244    307730
  15.99538  15.99530      2.00   3074428    306968
  15.99515  15.99510      2.00   3076040    307655
  15.99492  15.99490      2.00   3077576    307930
  15.99469  15.99460      2.00   3077420    307649
  15.99446  15.99450      2.00   3078660    308085
  15.99423  15.99420      2.00   3080862    308663
  15.99400  15.99400      2.00   3078863    309039
  15.99377  15.99380      2.00   3078533    308265
  15.99354  15.99350      2.00   3077263    308308
  15.99332  15.99330      2.00   3078742    308824
  15.99309  15.99310      2.00   3079534    309396
  15.99286  15.99290      2.00   3078534    309139
  15.99263  15.99260      2.00   3076101    308896
  15.99240  15.99240      2.00   3078456    310118
  15.99217  15.99220      2.00   3077040    309201
  15.99194  15.99200      2.00   3076061    308870
  15.99171  15.99170      2.00   3076135    308928
  15.99148  15.99150      2.00   3075653    310078
  15.99126  15.99130      2.00   3074759    309725
  15.99103  15.99090      2.00   3074035    309499
  15.99080  15.99080      2.00   3075161    309742
  15.99057  15.99060      2.00   3075862    309800
  15.99034  15.99030      2.00   3071213    309509
  15.99011  15.99010      2.00   3073599    310299
  15.98988  15.98980      2.00   3071824    310016
  15.98965  15.98970      2.00   3071359    310792
  15.98943  15.98950      2.00   3068435    309967
  15.98920  15.98920      2.00   3068561    309721
  15.98897  15.98890      2.00   3068818    309977
  15.98874  15.98880      2.00   3071996    310671
  15.98851  15.98840      2.00   3068496    310318
  15.98828  15.98830      2.00   3059677    310003
  15.98805  15.98820      2.00   3057176    309670
  15.98782  15.98780      2.00   3056500    309505
  15.98760  15.98760      2.00   3056597    309692
  15.98737  15.98740      2.00   3069977    311455
  15.98714  15.98720      2.00   3070278    311372
  15.98691  15.98700      2.00   3069017    311294
  15.98668  15.98670      2.00   3070639    311776
  15.98645  15.98640      2.00   3069984    311904
  15.98622  15.98630      2.00   3067202    311714
  15.98600  15.98600      2.00   3063594    311883
  15.98577  15.98570      2.00   3065261    311701
  15.98554  15.98550      2.00   3068216    312901
  15.98531  15.98530      2.00   3061941    312114
  15.98508  15.98500      2.00   3062251    311745
  15.98485  15.98490      2.00   3065927    312173
  15.98462  15.98450      2.00   3067816    312614
  15.98440  15.98440      2.00   3066096    312653
  15.98417  15.98420      2.00   3063569    312558
  15.98394  15.98390      2.00   3068208    313416
  15.98371  15.98370      2.00   3068103    312604
  15.98348  15.98350      2.00   3064743    313417
  15.98325  15.98320      2.00   3064132    312410
  15.98302  15.98310      2.00   3067731    312978
  15.98280  15.98280      2.00   3067722    313344
  15.98257  15.98260      2.00   3067968    313744
  15.98234  15.98240      2.00   3065118    313673
  15.98211  15.98210      2.00   3065017    313848
  15.98188  15.98200      2.00   3060943    312930
  15.98165  15.98160      2.00   3063781    313752
  15.98142  15.98140      2.00   3066736    314422
  15.98120  15.98120      2.00   3066493    314601
  15.98097  15.98100      2.00   3062515    314357
  15.97868  15.97860      2.00   3066649    315598
  15.97640  15.97660      2.00   3069993    316913
  15.97412  15.97390      2.00   3074214    318498
  15.97183  15.97190      2.00   3077475    319570
  15.96955  15.96950      2.00   3079677    320823
  15.96727  15.96740      2.00   3073000    320998
  15.96499  15.96490      2.00   3084268    323215
  15.96271  15.96270      2.00   3077523    323630
  15.96043  15.96040      2.00   3064889    322707
  15.95815  15.95810      2.00   3025877    319629
  15.95587  15.95620      2.00   3027237    319907
  15.95360  15.95330      2.00   3060790    324394
  15.95132  15.95150      2.00   3061176    325031
  15.94904  15.94900      2.00   3058139    324516
  15.94677  15.94690      2.00   3052856    324772
  15.94449  15.94430      2.00   3051141    324900
  15.94222  15.94220      2.00   3046668    324775
  15.93994  15.94000      2.00   3048711    324854
  15.93767  15.93770      2.00   3046543    324387
  15.93540  15.93550      2.00   3042586    324124
  15.93313  15.93290      2.00   3040662    323912
  15.93086  15.93100      2.00   3038587    323300
  15.92859  15.92840      2.00   3035493    323708
  15.92632  15.92660      2.00   3029987    322923
  15.92405  15.92380      2.00   3027630    322039
  15.92178  15.92200      2.00   3022141    320933
  15.91951  15.91930      2.00   3022699    320423
  15.91725  15.91740      2.00   3023598    320916
  15.91498  15.91490      2.00   3026756    320845
  15.91272  15.91270      2.00   3025730    319989
  15.90705  15.90710      3.00   4526080    476716
  15.90140  15.90140      3.00   4515349    473349
  15.89574  15.89580      3.00   4491004    469510
  15.89010  15.88990      3.00   4426140    461234
  15.88445  15.88460      3.00   4474251    464273
  15.87881  15.87870      3.00   4439919    458523
  15.87317  15.87320      3.00   4450054    458691
  15.86754  15.86760      3.00   4446506    458015
  15.86191  15.86200      3.00   4434964    455715
  15.85629  15.85630      3.00   4413896    452670
  15.85067  15.85050      3.00   4394495    451230
  15.84505  15.84510      3.00   4357081    446899
  15.83944  15.83930      3.00   4378714    450004
  15.83383  15.83390      3.00   4368917    449208
  15.82823  15.82820      3.00   4352908    448146
  15.82263  15.82270      3.00   4343694    448581
  15.81703  15.81720      3.00   4332761    448733
  15.81144  15.81140      3.00   4322893    447723
  15.80585  15.80590      3.00   4315373    447491
  15.80027  15.80010      3.00   4311706    448139
  15.79469  15.79480      3.00   3781122    394779
  15.78911  15.78900      3.00   4321541    452081
  15.78354  15.78350      3.00   4318859    452675
  15.77797  15.77810      3.00   4299748    450964
  15.77240  15.77230      3.00   4312507    453434
  15.76684  15.76700      3.00   4292894    452430
  15.76129  15.76120      3.00   4297486    454312
  15.75574  15.75590      3.00   4290696    454050
  15.75019  15.74990      3.00   4284407    454053
  15.74464  15.74480      3.00   4204745    446681
  15.73910  15.73900      3.00   4265662    453774
  15.73357  15.73350      3.00   4257769    452835
  15.72803  15.72810      3.00   4243821    452090
  15.72251  15.72260      3.00   4210282    448539
  15.71698  15.71700      3.00   4183878    445836
  15.71146  15.71150      3.00   4111661    437369
  15.70594  15.70600      3.00   4184354    445720
  15.70043  15.70030      3.00   4190493    445329
  15.69492  15.69490      3.00   4115613    436805
  15.68942  15.68940      3.00   4180631    444447
  15.68391  15.68390      3.00   4169993    441450
  15.67842  15.67850      3.00   4150018    438996
  15.67292  15.67290      3.00   4134704    437668
  15.66743  15.66750      3.00   4125095    435734
  15.66195  15.66200      3.00   4126073    435296
  15.65647  15.65650      3.00   4120540    434741
  15.65099  15.65090      3.00   4113274    434290
  15.64552  15.64560      3.00   4099902    432150
  15.64005  15.63990      3.00   4092728    432089
  15.63458  15.63460      3.00   4086380    430913
  15.62912  15.62910      3.00   4012982    423250
  15.62366  15.62360      3.00   4078729    430245
  15.61820  15.61830      3.00   4067294    428913
  15.61275  15.61270      3.00   4065220    429293
  15.60731  15.60740      3.00   4072292    429694
  15.60186  15.60200      3.00   4068702    430008
  15.59643  15.59640      3.00   4051322    427416
  15.59099  15.59090      3.00   4034607    426114
  15.58556  15.58560      3.00   4020638    425105
  15.58013  15.57990      3.00   4016425    423908
  15.57471  15.57490      3.00   4019698    425659
  15.56929  15.56920      3.00   4029743    426231
  15.56387  15.56390      3.00   4038905    427603
  15.55846  15.55850      3.00   4042652    427849
  15.55305  15.55290      3.00   4042298    427806
  15.54765  15.54770      3.00   4033350    427007
  15.54224  15.54240      3.00   4027002    426250
  15.53685  15.53680      3.00   4018805    425703
  15.53145  15.53140      3.00   4018981    426887
  15.52606  15.52630      3.00   4027686    427641
  15.52068  15.52040      3.00   4037121    429508
  15.51530  15.51540      3.00   4039057    429504
  15.50992  15.50980      3.00   4046648    430585
  15.50454  15.50460      3.00   4056895    432116
  15.49917  15.49920      3.00   4067904    433540
  15.49381  15.49370      3.00   4065866    433901
  15.48844  15.48850      3.00   4052856    432684
  15.48308  15.48310      3.00   4046549    432299
  15.47773  15.47780      3.00   4029705    430796
  15.47238  15.47240      3.00   4045501    432595
  15.46703  15.46700      3.00   4042583    432635
  15.46168  15.46180      3.00   4053465    433162
  15.45634  15.45640      3.00   4061541    435169
  15.45101  15.45090      3.00   4065814    435007
  15.44567  15.44570      3.00   4059957    435105
  15.44034  15.44020      3.00   4052044    433581
  15.43502  15.43510      3.00   4039284    433076
  15.42970  15.42970      3.00   4026564    432839
  15.42438  15.42440      3.00   4002078    429565
  15.41906  15.41900      3.00   3973892    426134
  15.41375  15.41370      3.00   3957445    424668
  15.40845  15.40850      3.00   3938486    422984
  15.40314  15.40310      3.00   3914243    419802
  15.39784  15.39790      3.00   3857383    414554
  15.39255  15.39250      3.00   3875605    416234
  15.38726  15.38730      3.00   3875254    415785
  15.38197  15.38200      3.00   3850632    412777
  15.37668  15.37680      3.00   3820840    410124
  15.37140  15.37130      3.00   3795495    407796
  15.36612  15.36620      3.00   3752785    402849
  15.36085  15.36080      3.00   3749882    402295
  15.35558  15.35560      3.00   3747152    402613
  15.35031  15.35020      3.00   3768649    404230
  15.34505  15.34520      3.00   3752896    403361
  15.33979  15.33970      3.00   3738169    401724
  15.33453  15.33450      3.00   3730426    400516
  15.32928  15.32920      3.00   3733338    400577
  15.32403  15.32410      3.00   3742118    402466
  15.31879  15.31870      3.00   3763684    404795
  15.31355  15.31370      3.00   3770567    405339
  15.30831  15.30830      3.00   3761306    404445
  15.30308  15.30310      3.00   3751107    404139
  15.29785  15.29780      3.00   3729943    402425
  15.29262  15.29260      3.00   3720310    401110
  15.28740  15.28750      3.00   3720005    401211
  15.28218  15.28210      3.00   3727546    402263
  15.27696  15.27700      3.00   3733256    402684
  15.27175  15.27180      3.00   3738018    403548
  15.26654  15.26660      3.00   3746904    404640
  15.26134  15.26120      3.00   3747990    405598
  15.25613  15.25620      3.00   3745230    405063
  15.25094  15.25090      3.00   3742392    404439
  15.24574  15.24580      3.00   3749157    406078
  15.24055  15.24040      3.00   3740164    404747
  15.23536  15.23560      3.00   3741376    405584
  15.23018  15.22990      3.00   3756328    407454
  15.22500  15.22520      3.00   3780577    410553
  15.21983  15.21970      3.00   3784253    410930
  15.21465  15.21470      3.00   3785954    410154
  15.20948  15.20940      3.00   3769879    409184
  15.20432  15.20430      3.00   3749962    407755
  15.19916  15.19910      3.00   3730875    405008
  15.19400  15.19410      3.00   3715243    404262
  15.18884  15.18880      3.00   3688389    401873
  15.18369  15.18360      3.00   3675514    400705
  15.17854  15.17860      3.00   3651349    397767
  15.17340  15.17340      3.00   3624617    395075
  15.16826  15.16830      3.00   3598774    392919
  15.16312  15.16300      3.00   3586998    391696
  15.15799  15.15810      3.00   3575519    390172
  15.15286  15.15280      3.00   3571401    390515
  15.14773  15.14770      3.00   3563702    390207
  15.14261  15.14260      3.00   3561336    389653
  15.13749  15.13750      3.00   3553250    388569
  15.13237  15.13240      3.00   3554328    389205
  15.12726  15.12730      3.00   3553315    389717
  15.12215  15.12220      3.00   3543195    388251
  15.11704  15.11700      3.00   3536563    387606
  15.11194  15.11190      3.00   3526000    387070
  15.10684  15.10690      3.00   3524658    387277
  15.10175  15.10160      3.00   3529335    387831
  15.09665  15.09680      3.00   3519895    386665
  15.09157  15.09140      3.00   3521217    386693
  15.08648  15.08660      3.00   3518412    387038
  15.08140  15.08130      3.00   3512090    386304
  15.07632  15.07640      3.00   3460790    380370
  15.07125  15.07120      3.00   3501185    385935
  15.06618  15.06620      3.00   3507011    385387
  15.06111  15.06100      3.00   3504968    386097
  15.05604  15.05620      3.00   3492639    385112
  15.04390  15.04370      3.00   3491955    384373
  15.03178  15.03180      3.00   3489788    385123
  15.01968  15.01960      3.00   3460984    381944
  15.00760  15.00770      3.00   3442454    380629
  14.99554  14.99560      3.00   3449283    382178
  14.98350  14.98340      3.00   3441720    382134
  14.97148  14.97150      3.00   3407700    378731
  14.95948  14.95940      3.00   3379606    376106
  14.94749  14.94760      3.00   3359640    374275
  14.93553  14.93560      3.00   3332607    371318
  14.92359  14.92340      3.00   3283130    366625
  14.91166  14.91170      3.00   3251392    363240
  14.89976  14.89970      3.00   3244408    363735
  14.88787  14.88790      3.00   3215680    360355
  14.87600  14.87620      3.00   3250915    364673
  14.86415  14.86390      3.00   3318164    373116
  14.85233  14.85240      3.00   3337939    375291
  14.84052  14.84040      3.00   3331342    375958
  14.82872  14.82870      3.00   3326750    375239
  14.81695  14.81720      3.00   3371197    380876
  14.80520  14.80510      3.00   3385486    382050
  14.79347  14.79330      3.00   3401049    385114
  14.78175  14.78190      3.00   3383532    383717
  14.77005  14.77000      3.00   3347431    380748
  14.75838  14.75840      3.00   3312579    376817
  14.74672  14.74680      3.00   3268037    372295
  14.73508  14.73510      3.00   3255747    371296
  14.72345  14.72330      3.00   3241337    369977
  14.71185  14.71200      3.00   3225035    368462
  14.70027  14.70010      3.00   3200812    366527
  14.68870  14.68870      3.00   3178775    364004
  14.67715  14.67730      3.00   3154562    362215
  14.66562  14.66570      3.00   3147931    361899
  14.65411  14.65390      3.00   3126117    359280
  14.64262  14.64270      3.00   3091967    356100
  14.63114  14.63130      3.00   3065674    353726
  14.61968  14.61950      3.00   3022586    349194
  14.60825  14.60830      3.00   2964263    343545
  14.59682  14.59690      3.00   2908493    336720
  14.58542  14.58550      3.00   2877369    333863
  14.57404  14.57380      3.00   2846700    330479
  14.56267  14.56270      3.00   2823922    328697
  14.55132  14.55140      3.00   2803130    326866
  14.53999  14.53990      3.00   2787289    325663
  14.52868  14.52870      3.00   2781819    324745
  14.51738  14.51750      3.00   2768516    323808
  14.50611  14.50620      3.00   2764055    323589
  14.49485  14.49470      3.00   2751296    322738
  14.48360  14.48350      3.00   2813785    331302
  14.47238  14.47250      3.00   2806818    329971
  14.46117  14.46130      3.00   2755293    324776
  14.44998  14.44990      3.00   2737217    323028
  14.43881  14.43880      3.00   2709587    320791
  14.42766  14.42770      3.00   2689130    318440
  14.41652  14.41680      3.00   2685861    318265
  14.40540  14.40540      3.00   2674873    317629
  14.39430  14.39410      3.00   2682363    319000
  14.38321  14.38320      3.00   2658204    316418
  14.37215  14.37230      3.00   2636807    314800
  14.36109  14.36110      3.00   2640773    314596
  14.35006  14.35000      3.00   2641607    315345
  14.33905  14.33900      3.00   2618987    313478
  14.32805  14.32810      3.00   2596085    311522
  14.31706  14.31720      3.00   2559147    307302
  14.30610  14.30620      3.00   2529446    304009
  14.29515  14.29510      3.00   2502604    301531
  14.28422  14.28410      3.00   2503482    301779
  14.27331  14.27330      3.00   2496973    301284
  14.26241  14.26250      3.00   2479359    299875
  14.25153  14.25160      3.00   2471550    299079
  14.24066  14.24060      3.00   2464806    299190
  14.22982  14.22980      3.00   2435208    295374
  14.21899  14.21910      3.00   2409490    292632
  14.20817  14.20820      3.00   2379370    289683
  14.19737  14.19740      3.00   2377298    290185
  14.18659  14.18660      3.00   2369102    289256
  14.17583  14.17580      3.00   2350180    287562
  14.16508  14.16510      3.00   2339701    286576
  14.15435  14.15420      3.00   2300321    282040
  14.14364  14.14370      3.00   2266625    278306
  14.13294  14.13300      3.00   2348288    288929
  14.12226  14.12230      3.00   2366617    290467
  14.11159  14.11160      3.00   2357597    289869
  14.10094  14.10090      3.00   2339555    288743
  14.09031  14.09030      3.00   2303603    284248
  14.07969  14.07960      3.00   2291581    283350
  14.06909  14.06910      3.00   2273219    281987
  14.05851  14.05860      3.00   2244732    278266
  14.04794  14.04790      3.00   2243577    278338
  14.03738  14.03750      3.00   2226885    277266
  14.02685  14.02690      3.00   2189964    272977
  14.01633  14.01630      3.00   2167268    269771
  14.00582  14.00580      3.00   2150729    268543
  13.99533  13.99530      3.00   2135989    267329
  13.98486  13.98480      3.00   2118354    265375
  13.97440  13.97430      3.00   2103118    263348
  13.96396  13.96390      3.00   2115372    265983
  13.95354  13.95360      3.00   2110399    265511
  13.94313  13.94310      3.00   2073206    261036
  13.93273  13.93280      3.00   2019824    254754

