SSRL   EXAFS Data Collector 1.3       
Sun May 21 00:13:57 2006              
PTS:        455 COLS:          6
TRANS.DET                             
AGK16.RGN                             
2-3 unfocused  0.000 -2 Si(220) 1.920156   100000                             
4 2000 25 RST 0 0                     
Ag:Cys 1:2 solid, pH 1.7, 1mm Al frame, mylar window                          
I0=Ar, I1 and I2 =Kr, Ag foil in front of I1                                  
                                                                              
                                                                              
                                                                              
                                                                              

Weights: 
 1.000  1.000  1.000  1.000  1.000  1.000 
Offsets: 
 0.000  0.000  0.000  144.200  133.500  238.300 
Data: 
Real time clock   
Requested Energy  
Achieved Energy   
I0                
I1                
I2                

 1.000  25285.000  25284.998  147360.797  131905.500  240204.703 
 1.000  25295.000  25295.012  146739.797  131444.500  240094.703 
 1.000  25305.000  25304.998  144961.797  129999.500  237783.703 
 1.000  25315.000  25314.994  142526.797  127930.500  234489.703 
 1.000  25325.000  25324.996  143557.797  129028.500  237176.703 
 1.000  25335.000  25335.008  143387.797  129029.500  237695.703 
 1.000  25345.000  25344.992  145224.797  130783.500  241948.703 
 1.000  25355.000  25354.986  143171.797  129045.500  239231.703 
 1.000  25365.000  25364.986  141291.797  127503.500  236578.703 
 1.000  25375.000  25374.994  145581.797  131629.500  244866.703 
 1.000  25385.000  25385.012  145517.797  131666.500  245673.703 
 1.000  25395.000  25395.000  139354.797  126127.500  235439.703 
 1.000  25405.000  25404.998  140706.797  127425.500  238596.703 
 1.000  25415.000  25415.004  136302.797  123504.500  231338.703 
 1.000  25425.000  25424.984  141075.797  127969.500  240342.703 
 1.000  25435.000  25435.006  139864.797  126878.500  238555.703 
 1.000  25445.000  25445.000  138967.797  126115.500  237246.703 
 1.000  25455.000  25455.004  139177.797  126194.500  237611.703 
 1.000  25465.000  25465.014  138407.797  125413.500  235744.703 
 1.000  25475.000  25474.998  137680.797  124470.500  233291.703 
 1.000  25485.000  25484.990  137230.797  123571.500  230168.703 
 1.000  25495.000  25494.988  137219.797  122398.500  224910.703 
 1.000  25495.352  25495.338  139255.797  124104.500  228179.703 
 1.000  25495.705  25495.721  136220.797  121339.500  222579.703 
 1.000  25496.057  25496.070  138099.797  122984.500  225499.703 
 1.000  25496.408  25496.418  140010.797  124686.500  228291.703 
 1.000  25496.760  25496.768  140548.797  125067.500  228998.703 
 1.000  25497.113  25497.115  138390.797  123020.500  225114.703 
 1.000  25497.465  25497.465  136508.797  121299.500  221516.703 
 1.000  25497.816  25497.813  140035.797  124457.500  227146.703 
 1.000  25498.170  25498.162  138257.797  122795.500  223771.703 
 1.000  25498.521  25498.510  140310.797  124536.500  226891.703 
 1.000  25498.873  25498.859  137955.797  122293.500  222680.703 
 1.000  25499.225  25499.207  135548.797  120032.500  218177.703 
 1.000  25499.578  25499.592  135453.797  119787.500  217592.703 
 1.000  25499.930  25499.939  135490.797  119747.500  217059.703 
 1.000  25500.281  25500.289  146650.797  129704.500  235293.703 
 1.000  25500.635  25500.637  138667.797  122428.500  221294.703 
 1.000  25500.986  25500.986  137055.797  120806.500  218305.703 
 1.000  25501.338  25501.334  137908.797  121435.500  219152.703 
 1.000  25501.689  25501.684  138168.797  121627.500  218821.703 
 1.000  25502.043  25502.031  139678.797  122801.500  220804.703 
 1.000  25502.395  25502.381  135922.797  119288.500  214046.703 
 1.000  25502.746  25502.730  141228.797  124005.500  222030.703 
 1.000  25503.098  25503.113  138069.797  120934.500  216240.703 
 1.000  25503.451  25503.463  136993.797  119788.500  213886.703 
 1.000  25503.803  25503.811  140476.797  122828.500  218948.703 
 1.000  25504.154  25504.160  135705.797  118469.500  210502.703 
 1.000  25504.508  25504.508  136955.797  119357.500  211924.703 
 1.000  25504.859  25504.857  139747.797  121635.500  215861.703 
 1.000  25505.211  25505.205  136379.797  118546.500  209526.703 
 1.000  25505.563  25505.555  136531.797  118469.500  208966.703 
 1.000  25505.916  25505.904  137751.797  119398.500  210029.703 
 1.000  25506.268  25506.252  136604.797  118148.500  207360.703 
 1.000  25506.619  25506.637  136804.797  118092.500  206414.703 
 1.000  25506.973  25506.984  136793.797  117883.500  205319.703 
 1.000  25507.324  25507.334  135789.797  116682.500  202405.703 
 1.000  25507.676  25507.684  136985.797  117435.500  203037.703 
 1.000  25508.027  25508.031  136411.797  116609.500  200618.703 
 1.000  25508.381  25508.381  139585.797  119049.500  204076.703 
 1.000  25508.732  25508.730  139320.797  118416.500  201862.703 
 1.000  25509.084  25509.078  137925.797  116781.500  198065.703 
 1.000  25509.438  25509.428  138275.797  116645.500  196701.703 
 1.000  25509.789  25509.777  139487.797  117230.500  196603.703 
 1.000  25510.141  25510.125  137218.797  114833.500  191071.703 
 1.000  25510.492  25510.510  137680.797  114699.500  189428.703 
 1.000  25510.846  25510.859  140081.797  116263.500  190869.703 
 1.000  25511.197  25511.207  136881.797  112947.500  183893.703 
 1.000  25511.549  25511.557  136076.797  111678.500  180562.703 
 1.000  25511.902  25511.906  137107.797  111964.500  179323.703 
 1.000  25512.254  25512.254  137268.797  111378.500  177034.703 
 1.000  25512.605  25512.604  136562.797  110021.500  172875.703 
 1.000  25512.957  25512.953  138930.797  111249.500  173080.703 
 1.000  25513.311  25513.301  137857.797  109417.500  168064.703 
 1.000  25513.662  25513.650  138083.797  108548.500  164969.703 
 1.000  25514.014  25514.000  142196.797  110895.500  166614.703 
 1.000  25514.365  25514.350  139013.797  107054.500  158455.703 
 1.000  25514.719  25514.732  139265.797  105849.500  153997.703 
 1.000  25515.070  25515.082  141798.797  106596.500  153229.703 
 1.000  25515.422  25515.432  137187.797  101390.500  143089.703 
 1.000  25515.775  25515.781  139964.797  102214.500  142415.703 
 1.000  25516.127  25516.129  139727.797  100565.500  137759.703 
 1.000  25516.479  25516.479  136534.797  96693.500  130448.703 
 1.000  25516.830  25516.828  137689.797  96180.500  127891.703 
 1.000  25517.184  25517.178  136091.797  93758.500  122771.703 
 1.000  25517.535  25517.525  137877.797  93761.500  121104.703 
 1.000  25517.887  25517.875  140995.797  94879.500  121207.703 
 1.000  25518.240  25518.225  137109.797  90728.500  113976.703 
 1.000  25518.592  25518.609  138404.797  90326.500  111845.703 
 1.000  25518.943  25518.957  136440.797  87779.500  106940.703 
 1.000  25519.295  25519.307  137368.797  87097.500  104423.703 
 1.000  25519.648  25519.656  138066.797  86307.500  101887.703 
 1.000  25520.000  25520.006  137487.797  84512.500  97978.703 
 1.000  25520.352  25520.355  137058.797  82955.500  94406.703 
 1.000  25520.705  25520.703  137730.797  82051.500  91540.703 
 1.000  25521.057  25521.053  136625.797  80084.500  87488.703 
 1.000  25521.408  25521.402  136791.797  78747.500  84279.703 
 1.000  25521.760  25521.752  137588.797  78030.500  81735.703 
 1.000  25522.113  25522.102  138882.797  77491.500  79292.703 
 1.000  25522.465  25522.451  138143.797  75866.500  75875.703 
 1.000  25522.816  25522.801  138156.797  74607.500  72913.703 
 1.000  25523.170  25523.184  137493.797  73122.500  69654.703 
 1.000  25523.521  25523.533  136859.797  71728.500  66672.703 
 1.000  25523.873  25523.883  139210.797  72133.500  65660.703 
 1.000  25524.225  25524.232  135924.797  69413.500  61678.699 
 1.000  25524.578  25524.582  137733.797  69647.500  60651.699 
 1.000  25524.930  25524.932  139744.797  69926.500  59765.699 
 1.000  25525.281  25525.281  137918.797  68359.500  57288.699 
 1.000  25525.635  25525.629  138025.797  67773.500  55674.699 
 1.000  25525.986  25525.979  138570.797  67468.500  54477.699 
 1.000  25526.338  25526.328  139795.797  67584.500  53460.699 
 1.000  25526.689  25526.678  140108.797  67178.500  52194.699 
 1.000  25527.043  25527.027  139269.797  66221.500  50483.699 
 1.000  25527.395  25527.412  137357.797  64776.500  48401.699 
 1.000  25527.746  25527.762  139874.797  65636.500  48233.699 
 1.000  25528.098  25528.111  138288.797  64465.500  46598.699 
 1.000  25528.451  25528.461  140853.797  65332.500  46542.699 
 1.000  25528.803  25528.811  138495.797  63850.500  44898.699 
 1.000  25529.154  25529.160  138309.797  63503.500  44044.699 
 1.000  25529.508  25529.508  136848.797  62564.500  42905.699 
 1.000  25529.859  25529.857  137517.797  62659.500  42546.699 
 1.000  25530.211  25530.207  138885.797  63089.500  42398.699 
 1.000  25530.563  25530.557  137933.797  62538.500  41659.699 
 1.000  25530.916  25530.906  140443.797  63533.500  41961.699 
 1.000  25531.268  25531.256  142338.797  64292.500  42137.699 
 1.000  25531.619  25531.605  137542.797  61996.500  40525.699 
 1.000  25531.973  25531.955  137883.797  62070.500  40326.699 
 1.000  25532.324  25532.340  137965.797  62036.500  40107.699 
 1.000  25532.676  25532.689  136626.797  61354.500  39544.699 
 1.000  25533.027  25533.039  139059.797  62416.500  40007.699 
 1.000  25533.381  25533.389  139168.797  62403.500  39876.699 
 1.000  25533.732  25533.738  137849.797  61732.500  39411.699 
 1.000  25534.084  25534.088  138816.797  62143.500  39509.699 
 1.000  25534.438  25534.438  137632.797  61532.500  39147.699 
 1.000  25534.789  25534.787  138198.797  61766.500  39218.699 
 1.000  25535.141  25535.137  137641.797  61470.500  39055.699 
 1.000  25535.492  25535.486  138580.797  61864.500  39295.699 
 1.000  25535.846  25535.836  137685.797  61428.500  39069.699 
 1.000  25536.197  25536.186  140024.797  62440.500  39680.699 
 1.000  25536.549  25536.535  139712.797  62282.500  39694.699 
 1.000  25536.902  25536.885  139321.797  62052.500  39639.699 
 1.000  25537.254  25537.270  141375.797  62917.500  40207.699 
 1.000  25537.605  25537.619  138359.797  61544.500  39575.699 
 1.000  25537.957  25537.969  137891.797  61322.500  39554.699 
 1.000  25538.311  25538.320  139242.797  61902.500  39934.699 
 1.000  25538.662  25538.670  138314.797  61467.500  39833.699 
 1.000  25539.014  25539.020  138364.797  61474.500  39878.699 
 1.000  25539.365  25539.369  138096.797  61340.500  39893.699 
 1.000  25539.719  25539.719  137460.797  61039.500  39772.699 
 1.000  25540.070  25540.068  137692.797  61116.500  39859.699 
 1.000  25540.422  25540.418  137761.797  61121.500  39927.699 
 1.000  25540.775  25540.768  138417.797  61410.500  40127.699 
 1.000  25541.127  25541.117  137871.797  61132.500  40018.699 
 1.000  25541.479  25541.467  137606.797  61015.500  39946.699 
 1.000  25541.830  25541.818  139366.797  61732.500  40412.699 
 1.000  25542.184  25542.168  139793.797  61903.500  40508.699 
 1.000  25542.535  25542.553  142555.797  63149.500  41154.699 
 1.000  25542.887  25542.902  139934.797  61931.500  40442.699 
 1.000  25543.240  25543.252  139616.797  61793.500  40256.699 
 1.000  25543.592  25543.602  141147.797  62427.500  40609.699 
 1.000  25543.943  25543.951  141712.797  62703.500  40596.699 
 1.000  25544.295  25544.301  140669.797  62211.500  40187.699 
 1.000  25544.648  25544.652  138115.797  61019.500  39437.699 
 1.000  25545.000  25545.002  137751.797  60901.500  39226.699 
 1.000  25545.629  25545.631  139439.797  61608.492  39374.688 
 1.000  25546.275  25546.262  137230.766  60606.477  38545.656 
 1.000  25546.941  25546.926  139153.734  61475.441  38674.598 
 1.001  25547.627  25547.627  141194.688  62406.398  38779.520 
 1.001  25548.332  25548.326  138615.625  61227.344  37792.418 
 1.002  25549.055  25549.061  138442.563  61167.273  37303.293 
 1.002  25549.799  25549.797  137667.469  60864.191  36635.148 
 1.003  25550.561  25550.566  142618.359  63076.098  37368.980 
 1.004  25551.342  25551.338  138625.250  61400.988  36080.789 
 1.005  25552.143  25552.143  140210.125  62090.871  36195.574 
 1.006  25552.961  25552.947  138433.969  61372.738  35625.340 
 1.007  25553.799  25553.787  141531.813  62821.594  36218.078 
 1.008  25554.656  25554.664  138887.656  61727.434  35668.797 
 1.009  25555.533  25555.539  139514.469  62037.266  35951.492 
 1.011  25556.430  25556.414  139542.266  62102.082  36221.168 
 1.012  25557.346  25557.361  141855.063  63178.887  37167.820 
 1.014  25558.279  25558.271  139362.828  62126.676  37139.445 
 1.015  25559.232  25559.217  141777.594  63231.457  38164.055 
 1.017  25560.205  25560.197  140735.344  62779.223  38464.637 
 1.019  25561.195  25561.180  141261.078  63032.977  39059.199 
 1.021  25562.207  25562.195  140106.797  62454.719  39299.734 
 1.023  25563.236  25563.246  141325.500  62991.449  40033.250 
 1.025  25564.285  25564.299  141325.203  62891.164  40391.746 
 1.027  25565.354  25565.350  140810.875  62530.867  40409.215 
 1.030  25566.441  25566.436  141799.547  62847.559  40666.664 
 1.032  25567.547  25567.559  142983.203  63234.238  40895.090 
 1.034  25568.672  25568.680  144611.828  63810.902  41123.492 
 1.037  25569.816  25569.801  142176.453  62575.555  40274.875 
 1.040  25570.980  25570.994  144514.078  63448.195  40450.234 
 1.043  25572.164  25572.150  144165.672  63096.824  39970.570 
 1.045  25573.365  25573.379  145984.250  63733.441  40032.883 
 1.048  25574.586  25574.570  145151.828  63204.043  39481.172 
 1.051  25575.826  25575.834  146045.375  63446.633  39290.441 
 1.055  25577.086  25577.096  144637.922  62702.211  38578.688 
 1.058  25578.365  25578.359  145071.453  62793.773  38275.910 
 1.061  25579.662  25579.658  146416.969  63254.328  38169.113 
 1.065  25580.979  25580.992  147761.469  63751.867  38076.289 
 1.068  25582.314  25582.324  147749.969  63723.395  37699.445 
 1.072  25583.670  25583.658  149855.438  64610.910  37752.578 
 1.076  25585.043  25585.027  147415.906  63555.410  36834.691 
 1.079  25586.438  25586.432  149190.344  64358.898  36864.777 
 1.083  25587.850  25587.836  150228.781  64895.375  36947.844 
 1.087  25589.281  25589.275  149769.203  64785.840  36887.887 
 1.091  25590.732  25590.717  151379.609  65572.289  37423.906 
 1.096  25592.201  25592.191  149249.000  64783.730  37465.906 
 1.100  25593.689  25593.701  153067.391  66595.156  38871.883 
 1.104  25595.199  25595.213  151332.750  65999.570  39190.836 
 1.109  25596.725  25596.723  153449.109  67070.969  40316.766 
 1.113  25598.271  25598.270  152175.453  66648.359  40826.672 
 1.118  25599.838  25599.850  154501.766  67813.734  42028.559 
 1.123  25601.422  25601.432  152810.078  67220.102  42164.422 
 1.128  25603.025  25603.014  154060.375  67818.445  42825.262 
 1.133  25604.648  25604.631  154855.672  68244.789  43226.082 
 1.138  25606.289  25606.283  157630.938  69519.109  43907.875 
 1.143  25607.951  25607.938  155068.203  68469.422  43210.648 
 1.148  25609.631  25609.625  156385.438  69086.727  43339.398 
 1.153  25611.330  25611.313  158776.672  70152.016  43649.129 
 1.159  25613.049  25613.037  159857.891  70606.289  43567.832 
 1.164  25614.787  25614.797  161983.094  71515.547  43736.516 
 1.170  25616.543  25616.555  160884.281  71034.797  43197.176 
 1.176  25618.318  25618.314  163673.453  72240.039  43569.816 
 1.182  25620.113  25620.111  159845.609  70441.258  42447.430 
 1.187  25621.928  25621.941  160654.766  70756.469  42344.023 
 1.193  25623.762  25623.771  164254.906  72296.672  42901.594 
 1.200  25625.613  25625.604  162683.016  71518.859  42333.141 
 1.206  25627.484  25627.471  163076.125  71586.031  42286.668 
 1.212  25629.375  25629.371  166045.219  72827.195  42773.172 
 1.218  25631.285  25631.273  168533.297  73904.344  43290.652 
 1.225  25633.215  25633.213  167566.375  73370.477  43125.109 
 1.231  25635.162  25635.150  170177.422  74451.602  43788.543 
 1.238  25637.129  25637.125  169520.469  74109.711  43899.957 
 1.245  25639.115  25639.098  167719.484  73296.813  43756.348 
 1.252  25641.121  25641.107  169472.500  74068.898  44458.715 
 1.259  25643.145  25643.152  171855.500  75066.969  45267.059 
 1.266  25645.189  25645.199  169688.484  74119.031  45029.383 
 1.273  25647.252  25647.244  170745.453  74621.078  45493.684 
 1.280  25649.334  25649.326  174878.422  76471.109  46637.961 
 1.287  25651.434  25651.443  173587.359  75919.133  46507.215 
 1.295  25653.555  25653.561  175916.297  77050.141  47089.449 
 1.302  25655.693  25655.680  177988.203  77996.141  47543.660 
 1.310  25657.852  25657.867  174920.109  76740.125  46737.848 
 1.318  25660.029  25660.021  177058.000  77772.102  47127.012 
 1.325  25662.227  25662.211  179384.875  78888.055  47448.156 
 1.333  25664.441  25664.436  179737.734  79192.008  47390.273 
 1.341  25666.678  25666.662  178762.594  78826.938  47151.371 
 1.349  25668.932  25668.924  182142.422  80485.859  47900.449 
 1.358  25671.203  25671.221  185922.250  82252.773  48763.500 
 1.366  25673.496  25673.482  181913.047  80567.664  47978.531 
 1.374  25675.809  25675.816  185570.844  82325.547  48916.539 
 1.383  25678.139  25678.150  186971.625  83050.422  49442.523 
 1.391  25680.488  25680.484  185167.391  82323.281  49286.484 
 1.400  25682.857  25682.854  186071.141  82835.125  49778.426 
 1.409  25685.244  25685.260  188212.891  83849.961  50498.344 
 1.417  25687.652  25687.666  189078.609  84320.781  50928.238 
 1.426  25690.078  25690.072  190522.328  84977.586  51470.113 
 1.435  25692.523  25692.516  193455.031  86385.383  52344.961 
 1.444  25694.988  25694.994  193603.719  86454.164  52576.789 
 1.454  25697.471  25697.473  193163.391  86297.938  52734.594 
 1.463  25699.975  25699.986  196423.047  87808.695  53706.375 
 1.472  25702.496  25702.502  198153.688  88570.438  54293.137 
 1.482  25705.037  25705.053  198709.313  88880.172  54620.875 
 1.491  25707.598  25707.605  198660.938  88877.891  54798.590 
 1.501  25710.176  25710.193  200859.531  89885.602  55468.281 
 1.511  25712.773  25712.781  199904.125  89452.297  55281.953 
 1.521  25715.393  25715.406  202664.703  90714.977  56000.598 
 1.531  25718.029  25718.029  202219.266  90552.648  55906.223 
 1.541  25720.684  25720.691  203693.813  91243.305  56125.824 
 1.551  25723.359  25723.352  207827.344  93172.945  57027.406 
 1.561  25726.053  25726.049  209311.875  93881.578  57257.965 
 1.572  25728.766  25728.783  208615.375  93677.195  57063.496 
 1.582  25731.498  25731.482  208890.875  93867.805  57127.012 
 1.593  25734.250  25734.252  209231.359  94150.398  57271.500 
 1.603  25737.020  25737.023  211386.828  95219.977  57787.969 
 1.614  25739.811  25739.795  212461.281  95819.547  58195.414 
 1.625  25742.619  25742.602  214737.719  96994.102  58890.836 
 1.636  25745.447  25745.445  213823.141  96659.648  58945.234 
 1.647  25748.293  25748.289  214747.563  97242.180  59453.613 
 1.658  25751.160  25751.170  220208.953  99873.695  61066.965 
 1.669  25754.045  25754.051  219420.344  99632.203  61409.297 
 1.680  25756.949  25756.934  222390.719  101137.695  62535.609 
 1.692  25759.873  25759.887  222126.078  101130.172  62967.895 
 1.703  25762.816  25762.805  223759.422  102056.641  63928.160 
 1.715  25765.777  25765.760  227427.750  103835.094  65137.402 
 1.726  25768.758  25768.752  223566.063  102198.539  64608.621 
 1.738  25771.758  25771.744  226035.375  103444.969  65454.820 
 1.750  25774.777  25774.771  229774.656  105243.383  66612.992 
 1.762  25777.816  25777.801  230650.938  105752.789  67015.148 
 1.774  25780.873  25780.865  232247.203  106574.180  67506.273 
 1.786  25783.949  25783.932  236525.453  108659.563  68555.383 
 1.798  25787.045  25787.035  235538.688  108249.930  68477.469 
 1.811  25790.160  25790.174  235046.906  108129.281  68452.531 
 1.823  25793.295  25793.277  235796.125  108541.625  68597.570 
 1.836  25796.447  25796.453  241051.313  111036.953  69790.586 
 1.848  25799.619  25799.631  238138.500  109749.266  69074.578 
 1.861  25802.811  25802.809  241861.656  111570.570  69912.555 
 1.874  25806.021  25806.023  242754.813  112079.867  70105.500 
 1.887  25809.250  25809.238  245947.953  113603.141  70832.430 
 1.900  25812.500  25812.490  244510.078  113026.406  70684.336 
 1.913  25815.768  25815.777  248768.203  115116.664  71841.219 
 1.926  25819.055  25819.066  247818.297  114769.898  71940.078 
 1.939  25822.361  25822.357  248904.375  115371.133  72506.914 
 1.952  25825.686  25825.684  249521.453  115794.344  73123.727 
 1.966  25829.029  25829.047  252270.516  117197.547  74231.516 
 1.979  25832.393  25832.375  254634.563  118389.742  75287.289 
 1.993  25835.775  25835.775  255097.594  118769.914  75957.031 
 2.007  25839.178  25839.178  257030.609  119782.078  76877.758 
 2.021  25842.600  25842.615  257169.609  119985.234  77436.461 
 2.035  25846.039  25846.055  261876.609  122354.375  78987.141 
 2.049  25849.498  25849.494  261591.578  122333.500  79232.797 
 2.063  25852.977  25852.973  263107.531  123222.617  79810.430 
 2.077  25856.473  25856.486  265369.500  124437.719  80572.047 
 2.091  25859.990  25860.000  270497.438  126931.805  82077.633 
 2.106  25863.525  25863.516  267059.344  125449.883  81440.203 
 2.120  25867.080  25867.068  267212.250  125683.945  81724.742 
 2.135  25870.654  25870.658  272395.156  128254.000  83151.266 
 2.150  25874.248  25874.248  271041.031  127736.039  83085.766 
 2.164  25877.859  25877.875  275472.906  129922.063  84258.242 
 2.179  25881.490  25881.504  275024.750  129856.078  84448.695 
 2.194  25885.141  25885.133  276918.594  130922.078  85010.125 
 2.209  25888.811  25888.799  279924.438  132452.063  85895.539 
 2.224  25892.500  25892.504  280493.250  132804.047  86090.922 
 2.240  25896.207  25896.207  280877.031  133157.000  86303.289 
 2.255  25899.934  25899.949  284556.813  135017.953  87291.633 
 2.270  25903.680  25903.691  287447.594  136513.891  88298.945 
 2.286  25907.445  25907.436  289029.344  137363.813  89029.242 
 2.302  25911.230  25911.217  291896.094  138848.734  89925.523 
 2.317  25915.033  25915.033  289282.844  137734.625  89731.773 
 2.333  25918.855  25918.854  293654.563  139890.516  91190.000 
 2.349  25922.697  25922.709  296634.250  141447.391  92536.211 
 2.365  25926.559  25926.566  296425.938  141485.250  93070.391 
 2.381  25930.438  25930.426  295570.625  141185.109  93343.555 
 2.397  25934.338  25934.320  298636.281  142801.938  94659.695 
 2.414  25938.256  25938.254  301583.938  144340.766  95843.805 
 2.430  25942.193  25942.188  300921.563  144095.578  96014.906 
 2.447  25946.148  25946.160  303662.188  145574.375  97048.977 
 2.463  25950.125  25950.133  304948.813  146320.172  97616.023 
 2.480  25954.119  25954.107  306335.406  147098.938  98236.047 
 2.497  25958.133  25958.117  308325.000  148201.703  99005.055 
 2.513  25962.166  25962.166  311149.563  149711.453  100000.031 
 2.530  25966.219  25966.217  311492.094  150059.188  100410.992 
 2.548  25970.289  25970.305  313623.656  151211.906  101138.930 
 2.565  25974.381  25974.393  315647.188  152336.625  101902.844 
 2.582  25978.490  25978.482  317124.688  153202.313  102442.734 
 2.599  25982.619  25982.611  321164.188  155288.000  103784.602 
 2.617  25986.766  25986.775  322806.688  156246.672  104474.453 
 2.634  25990.934  25990.943  325666.156  157774.344  105432.273 
 2.652  25995.119  25995.109  323696.625  156963.984  105250.078 
 2.670  25999.324  25999.316  324795.063  157676.625  105843.852 
 2.687  26003.549  26003.559  326591.500  158703.250  106642.609 
 2.705  26007.791  26007.803  329209.906  160131.859  107680.344 
 2.723  26012.055  26012.049  331175.313  161192.453  108490.055 
 2.741  26016.336  26016.332  336263.688  163852.031  110221.742 
 2.759  26020.637  26020.654  334563.094  163164.609  110256.414 
 2.778  26024.957  26024.941  335757.438  163864.172  110995.055 
 2.796  26029.295  26029.301  337365.781  164830.719  111857.680 
 2.815  26033.654  26033.664  337620.125  165099.250  112418.273 
 2.833  26038.031  26038.027  341571.469  167181.766  113981.852 
 2.852  26042.428  26042.428  341955.750  167520.281  114476.406 
 2.871  26046.844  26046.832  343218.063  168298.781  115181.938 
 2.889  26051.277  26051.271  345423.344  169566.266  116224.445 
 2.908  26055.732  26055.750  348121.625  171020.734  117235.930 
 2.927  26060.205  26060.195  350839.875  172529.188  118444.398 
 2.947  26064.697  26064.713  352404.094  173451.641  119154.836 
 2.966  26069.209  26069.195  352148.344  173499.063  119430.258 
 2.985  26073.738  26073.754  353586.563  174414.484  120151.648 
 3.005  26078.287  26078.277  356350.750  175929.891  121267.023 
 3.024  26082.857  26082.875  359320.938  177581.297  122382.375 
 3.044  26087.443  26087.438  360136.125  178165.672  122934.703 
 3.063  26092.051  26092.039  361723.281  179098.047  123718.008 
 3.083  26096.678  26096.678  363406.406  180150.406  124493.297 
 3.103  26101.322  26101.318  367224.563  182235.750  125883.555 
 3.123  26105.986  26105.996  367022.656  182309.078  126100.797 
 3.143  26110.670  26110.678  366975.781  182505.406  126444.008 
 3.163  26115.373  26115.359  371077.875  184714.703  128045.203 
 3.183  26120.094  26120.080  371995.938  185356.000  128729.375 
 3.204  26124.834  26124.840  372914.000  186015.281  129470.523 
 3.224  26129.594  26129.600  376862.063  188184.563  131057.648 
 3.245  26134.373  26134.361  376428.094  188211.813  131257.750 
 3.265  26139.172  26139.162  379177.125  189732.063  132552.828 
 3.286  26143.988  26144.002  380254.125  190485.281  133315.891 
 3.307  26148.826  26148.844  382340.125  191655.500  134320.922 
 3.328  26153.682  26153.686  382695.094  192016.719  134805.938 
 3.349  26158.555  26158.566  386054.063  193896.906  136353.938 
 3.370  26163.449  26163.451  386919.031  194551.094  137030.906 
 3.391  26168.361  26168.373  389824.969  196164.250  138372.844 
 3.413  26173.295  26173.297  389083.906  196054.406  138517.766 
 3.434  26178.246  26178.258  391744.813  197566.563  139630.672 
 3.456  26183.215  26183.223  394847.719  199250.688  140894.547 
 3.477  26188.205  26188.189  394451.594  199280.813  141161.406 
 3.499  26193.213  26193.230  395823.469  200186.906  141911.234 
 3.521  26198.242  26198.236  397715.344  201383.000  142961.047 
 3.542  26203.287  26203.283  399836.188  202611.078  143960.844 
 3.564  26208.354  26208.367  400293.000  203050.156  144464.609 
 3.586  26213.439  26213.453  404941.844  205685.203  146356.344 
 3.609  26218.543  26218.541  404995.625  205883.250  146686.063 
 3.631  26223.666  26223.668  407076.438  207125.281  147744.766 
 3.653  26228.809  26228.797  408039.219  207837.297  148562.438 
 3.676  26233.971  26233.965  409551.969  208818.297  149462.094 
 3.698  26239.150  26239.137  411443.719  210022.297  150534.719 
 3.721  26244.352  26244.346  413111.469  211115.266  151497.328 
 3.744  26249.570  26249.557  415773.188  212724.234  152865.922 
 3.766  26254.809  26254.807  416937.906  213500.188  153673.484 
 3.789  26260.064  26260.059  417931.594  214263.141  154428.016 
 3.812  26265.342  26265.352  418991.281  215089.063  155257.547 
 3.835  26270.637  26270.645  420398.938  216002.984  156196.031 
 3.859  26275.951  26275.939  421134.594  216586.891  156846.516 
 3.882  26281.285  26281.275  423924.250  218248.781  158244.953 
 3.905  26286.639  26286.650  425329.875  219250.656  159249.391 
 3.929  26292.010  26292.025  426653.469  220144.516  160203.797 
 3.952  26297.402  26297.404  428012.094  221113.375  161115.172 
 3.976  26302.813  26302.822  428773.688  221767.219  161926.531 
 4.000  26308.242  26308.244  432802.250  224081.047  163796.875 
 4.024  26313.689  26313.703  433838.813  224821.859  164528.188 
 4.047  26319.158  26319.166  435865.344  226175.656  165691.484 
 4.072  26324.645  26324.629  435929.875  226464.453  166209.750 
 4.096  26330.150  26330.133  438060.406  227827.234  167347.000 
 4.120  26335.676  26335.678  439661.906  228879.000  168425.234 
 4.144  26341.219  26341.223  440346.406  229477.750  169134.438 
 4.169  26346.783  26346.771  443977.875  231663.484  170868.609 
 4.193  26352.365  26352.357  445264.344  232593.219  171733.766 
 4.218  26357.967  26357.949  445714.813  233064.922  172380.906 
 4.242  26363.588  26363.578  447671.250  234392.625  173712.016 
 4.267  26369.227  26369.211  449617.656  235679.313  174900.109 
 4.292  26374.887  26374.883  450868.063  236615.000  175870.172 
 4.317  26380.564  26380.557  452447.469  237688.656  176857.219 
 4.342  26386.262  26386.271  455225.844  239399.313  178447.250 
 4.367  26391.977  26391.988  455360.219  239763.953  179007.250 
 4.393  26397.713  26397.707  457662.563  241281.578  180416.219 
 4.418  26403.467  26403.465  459124.906  242268.188  181480.172 
 4.444  26409.240  26409.227  459780.250  242925.797  182288.109 
 4.469  26415.033  26415.029  465053.563  246010.375  184814.016 
 4.495  26420.846  26420.834  462945.875  245160.953  184627.906 
 4.520  26426.678  26426.678  464526.156  246289.516  185734.781 
 4.546  26432.527  26432.523  466505.438  247591.063  187018.625 
 4.572  26438.396  26438.410  469066.688  249307.609  188630.438 
 4.598  26444.285  26444.301  467063.938  248552.125  188434.234 
 4.624  26450.193  26450.193  471844.156  251394.641  190860.016 
 4.651  26456.119  26456.125  473450.375  252550.141  192038.766 
 4.677  26462.064  26462.061  474119.594  253154.641  192726.500 
 4.703  26468.029  26468.035  474136.781  253500.109  193331.203 
 4.730  26474.014  26474.014  475620.969  254531.578  194432.891 
 4.756  26480.018  26480.031  478168.125  256248.016  196123.547 
 4.783  26486.039  26486.053  479005.281  257092.453  197054.188 
 4.810  26492.082  26492.078  481892.406  258903.875  198718.813 
 4.837  26498.143  26498.143  482764.531  259686.297  199670.406 
 4.864  26504.223  26504.209  483490.656  260431.688  200624.969 
 4.891  26510.320  26510.316  483500.750  260722.078  201177.531 
 4.918  26516.439  26516.428  486007.844  262413.469  202809.047 
 4.945  26522.576  26522.578  487594.906  263611.813  204163.563 
 4.973  26528.732  26528.732  488562.969  264465.156  205108.047 
 5.000  26534.908  26534.926  489813.000  265474.500  206251.500 