 Structure from AMSCIFDB, AMS_ID: 11314         Feff8L (EXAFS)       0.1
 Mineral Name: Wustite
 Journal: Crystal Structures 1, pp. 85-237 (1963)
 Authors: Wyckoff R W G
 Title1:  Second edition. Interscience Publishers, New York, New York
 Title2:  rocksalt structure
 Formula:    FeO
 SpaceGroup: Fm-3m
 # sites:    2
 POT  Non-SCF, core-hole, AFOLP (folp(0)= 1.150)
 Abs   Z=26 Rmt= 1.377 Rnm= 1.436 K  shell
 Pot 1 Z=26 Rmt= 1.384 Rnm= 1.444
 Pot 2 Z= 8 Rmt= 1.015 Rnm= 1.060
 Pot 3 Z=82 Rmt= 1.418 Rnm= 1.486
 Gam_ch=1.309E+00 H-L exch
 Mu=-3.054E+00 kf=2.208E+00 Vint=-2.162E+01 Rs_int= 1.643
 PATH  Rmax= 7.000,  Keep_limit= 0.00, Heap_limit 0.00  Pwcrit= 2.50%
 Path    3      icalc       2
 -----------------------------------------------------------------------
   2   1.000   3.0482    2.4471   -3.05423 nleg, deg, reff, rnrmav(bohr), edge
        x         y         z   pot at#
    -0.0000   -0.0000   -0.0000  0  26 Fe       absorbing atom
    -2.1554    2.1554   -0.0000  3  82 Pb
    k   real[2*phc]   mag[feff]  phase[feff] red factor   lambda     real[p]@#
  0.000  3.0012E+00  1.1710E-05 -1.1452E+00  1.008E+00  2.5708E+01  2.2080E+00
  0.100  3.0008E+00  3.0641E-02 -1.7428E+00  1.008E+00  2.5733E+01  2.2102E+00
  0.200  2.9994E+00  6.1260E-02 -2.3170E+00  1.008E+00  2.5806E+01  2.2167E+00
  0.300  2.9972E+00  9.1832E-02 -2.8676E+00  1.008E+00  2.5919E+01  2.2275E+00
  0.400  2.9941E+00  1.2232E-01 -3.3948E+00  1.008E+00  2.6061E+01  2.2424E+00
  0.500  2.9900E+00  1.5268E-01 -3.8986E+00  1.008E+00  2.6215E+01  2.2616E+00
  0.600  2.9850E+00  1.8286E-01 -4.3792E+00  1.009E+00  2.6361E+01  2.2848E+00
  0.700  2.9789E+00  2.1277E-01 -4.8366E+00  1.009E+00  2.6476E+01  2.3119E+00
  0.800  2.9718E+00  2.4233E-01 -5.2709E+00  1.009E+00  2.6537E+01  2.3429E+00
  0.900  2.9635E+00  2.7145E-01 -5.6822E+00  1.009E+00  2.6518E+01  2.3775E+00
  1.000  2.9539E+00  3.0004E-01 -6.0706E+00  1.010E+00  2.6399E+01  2.4158E+00
  1.100  2.9431E+00  3.2801E-01 -6.4359E+00  1.010E+00  2.6163E+01  2.4575E+00
  1.200  2.9309E+00  3.5527E-01 -6.7780E+00  1.011E+00  2.5802E+01  2.5026E+00
  1.300  2.9172E+00  3.8176E-01 -7.0967E+00  1.012E+00  2.5313E+01  2.5510E+00
  1.400  2.9018E+00  4.0742E-01 -7.3913E+00  1.013E+00  2.4704E+01  2.6026E+00
  1.500  2.8847E+00  4.3223E-01 -7.6613E+00  1.015E+00  2.3992E+01  2.6572E+00
  1.600  2.8655E+00  4.5619E-01 -7.9060E+00  1.017E+00  2.3196E+01  2.7149E+00
  1.700  2.8441E+00  4.7929E-01 -8.1244E+00  1.019E+00  2.2345E+01  2.7757E+00
  1.800  2.8201E+00  5.0164E-01 -8.3155E+00  1.022E+00  2.1465E+01  2.8394E+00
  1.900  2.7933E+00  5.2326E-01 -8.4785E+00  1.026E+00  2.0585E+01  2.9060E+00
  2.000  2.7633E+00  5.4421E-01 -8.6127E+00  1.030E+00  1.9732E+01  2.9757E+00
  2.200  2.6927E+00  5.8397E-01 -8.7933E+00  1.039E+00  1.8201E+01  3.1243E+00
  2.400  2.6130E+00  6.1928E-01 -8.8767E+00  1.036E+00  1.7039E+01  3.2857E+00
  2.600  2.4471E+00  6.3882E-01 -8.8193E+00  1.018E+00  1.5841E+01  3.4747E+00
  2.800  2.3391E+00  7.5186E-01 -8.8583E+00  1.161E+00  8.2076E+00  3.6387E+00
  3.000  2.3152E+00  8.1560E-01 -9.0058E+00  1.208E+00  6.9323E+00  3.7713E+00
  3.200  2.2749E+00  8.4386E-01 -9.1515E+00  1.231E+00  6.3266E+00  3.9097E+00
  3.400  2.2177E+00  8.4107E-01 -9.2876E+00  1.240E+00  6.0310E+00  4.0560E+00
  3.600  2.1501E+00  8.1253E-01 -9.4200E+00  1.238E+00  5.8996E+00  4.2076E+00
  3.800  2.0748E+00  7.6516E-01 -9.5429E+00  1.233E+00  5.8677E+00  4.3640E+00
  4.000  1.9946E+00  7.0082E-01 -9.6575E+00  1.219E+00  5.9025E+00  4.5247E+00
  4.200  1.9097E+00  6.2732E-01 -9.7601E+00  1.207E+00  5.9853E+00  4.6893E+00
  4.400  1.8225E+00  5.4324E-01 -9.8526E+00  1.193E+00  6.1045E+00  4.8573E+00
  4.600  1.7348E+00  4.5629E-01 -9.9364E+00  1.180E+00  6.2528E+00  5.0284E+00
  4.800  1.6464E+00  3.6728E-01 -1.0009E+01  1.164E+00  6.4248E+00  5.2022E+00
  5.000  1.5584E+00  2.7812E-01 -1.0085E+01  1.150E+00  6.6170E+00  5.3785E+00
  5.200  1.4706E+00  1.8744E-01 -1.0151E+01  1.138E+00  6.8265E+00  5.5569E+00
  5.400  1.3831E+00  9.9474E-02 -1.0231E+01  1.123E+00  7.0513E+00  5.7372E+00
  5.600  1.2962E+00  1.4880E-02 -1.0596E+01  1.110E+00  7.2898E+00  5.9193E+00
  5.800  1.2091E+00  7.0648E-02 -1.3359E+01  1.099E+00  7.5407E+00  6.1029E+00
  6.000  1.1224E+00  1.4879E-01 -1.3435E+01  1.087E+00  7.8030E+00  6.2878E+00
  6.500  9.0623E-01  3.1231E-01 -1.3534E+01  1.063E+00  8.5033E+00  6.7553E+00
  7.000  6.9369E-01  4.1629E-01 -1.3590E+01  1.044E+00  9.2601E+00  7.2286E+00
  7.500  4.8853E-01  4.6566E-01 -1.3619E+01  1.030E+00  1.0067E+01  7.7064E+00
  8.000  2.9616E-01  4.7607E-01 -1.3627E+01  1.015E+00  1.0919E+01  8.1878E+00
  8.500  1.1165E-01  4.6293E-01 -1.3615E+01  9.999E-01  1.1812E+01  8.6720E+00
  9.000 -6.9203E-02  4.3785E-01 -1.3575E+01  9.844E-01  1.2745E+01  9.1585E+00
  9.500 -2.4720E-01  4.1122E-01 -1.3498E+01  9.721E-01  1.3715E+01  9.6467E+00
 10.000 -4.1979E-01  3.9248E-01 -1.3391E+01  9.629E-01  1.4721E+01  1.0137E+01
 11.000 -7.4356E-01  3.9309E-01 -1.3168E+01  9.500E-01  1.6833E+01  1.1120E+01
 12.000 -1.0409E+00  4.3336E-01 -1.3029E+01  9.418E-01  1.9073E+01  1.2106E+01
 13.000 -1.3158E+00  4.8249E-01 -1.2994E+01  9.378E-01  2.1432E+01  1.3095E+01
 14.000 -1.5691E+00  5.2259E-01 -1.3030E+01  9.353E-01  2.3906E+01  1.4087E+01
 15.000 -1.8037E+00  5.4956E-01 -1.3106E+01  9.343E-01  2.6490E+01  1.5079E+01
 16.000 -2.0216E+00  5.6430E-01 -1.3213E+01  9.343E-01  2.9179E+01  1.6073E+01
 17.000 -2.2242E+00  5.6579E-01 -1.3346E+01  9.347E-01  3.1969E+01  1.7067E+01
 18.000 -2.4133E+00  5.5248E-01 -1.3497E+01  9.354E-01  3.4858E+01  1.8063E+01
 19.000 -2.5899E+00  5.2783E-01 -1.3659E+01  9.361E-01  3.7843E+01  1.9059E+01
 20.000 -2.7556E+00  4.9626E-01 -1.3830E+01  9.366E-01  4.0920E+01  2.0055E+01
